      
                     1.1                       10.857167
               1.1006001                       10.832815
                  1.1012                       10.808592
                  1.1018                       10.784461
               1.1023999                       10.760457
                   1.103                       10.736543
                  1.1036                       10.712767
               1.1041999                       10.689115
                  1.1048                       10.665519
               1.1054001                       10.642074
               1.1059999                       10.618726
               1.1065999                       10.595493
                  1.1072                       10.572339
                  1.1078                       10.549315
                  1.1084                       10.526392
                   1.109                       10.503592
               1.1095999                       10.480894
                  1.1102                         10.4583
                  1.1108                       10.435814
               1.1113999                       10.413441
                   1.112                        10.39116
               1.1126001                       10.368974
               1.1131999                       10.346902
               1.1137999                        10.32493
                  1.1144                        10.30307
                   1.115                       10.281325
                  1.1156                       10.259658
                  1.1162                        10.23812
                  1.1168                       10.216663
               1.1174001                       10.195322
                   1.118                       10.174058
               1.1185999                       10.152926
                  1.1192                       10.131872
               1.1198001                        10.11091
                  1.1204                       10.090062
               1.1209999                       10.069321
                  1.1216                       10.048661
                  1.1222                       10.028103
                  1.1228                        10.00766
                  1.1234                       9.9872961
                   1.124                       9.9670371
               1.1246001                        9.946844
                  1.1252                       9.9267833
               1.1257999                       9.9068119
                  1.1264                       9.8869431
               1.1270001                       9.8671563
                  1.1276                       9.8474709
               1.1281999                        9.827877
                  1.1288                       9.8083488
                  1.1294                        9.788952
                    1.13                       9.7696195
                  1.1306                       9.7504044
                  1.1312                       9.7312552
               1.1318001                       9.7122235
                  1.1324                       9.6932693
               1.1329999                       9.6744068
                  1.1336                        9.655635
               1.1342001                       9.6369552
                  1.1348                       9.6183664
               1.1353999                       9.5998562
                   1.136                       9.5814243
                  1.1366                        9.563109
                  1.1372                       9.5448594
                  1.1378                       9.5267013
                  1.1384                       9.5086209
               1.1390001                       9.4906459
                  1.1396                        9.472749
               1.1401999                       9.4549427
                  1.1408                       9.4372149
               1.1414001                       9.4195657
                   1.142                       9.4019939
               1.1425999                       9.3845277
                  1.1432                       9.3671384
                  1.1438                       9.3498148
                  1.1444                       9.3325835
                   1.145                       9.3154421
                  1.1456                       9.2983659
               1.1462001                       9.2813971
                  1.1468                        9.264489
               1.1473999                        9.247584
                   1.148                       9.2309258
               1.1486001                       9.2142546
                  1.1492                       9.1977013
               1.1497999                       9.1810943
                  1.1504                       9.1647647
                   1.151                        9.148391
                  1.1516                         9.13202
                  1.1522                       9.1158717
                  1.1528                        9.099776
               1.1534001                       9.0837549
                   1.154                       9.0677099
               1.1545999                       9.0518739
                  1.1552                       9.0359587
               1.1558001                       9.0202145
                  1.1564                       9.0046001
               1.1569999                       8.9889853
                  1.1576                       8.9734234
                  1.1582                       8.9579654
                  1.1588                       8.9426394
                  1.1594                       8.9272578
                    1.16                       8.9121015
               1.1606001                       8.8968879
                  1.1612                       8.8817853
               1.1617999                       8.8667553
                  1.1624                       8.8518366
               1.1630001                       8.8368571
                  1.1636                       8.8221718
               1.1641999                       8.8073617
                  1.1648                       8.7926092
                  1.1654                       8.7780039
                   1.166                       8.7634866
                  1.1666                       8.7489657
                  1.1672                       8.7346387
               1.1678001                       8.7202419
                  1.1684                       8.7060177
               1.1689999                       8.6916646
                  1.1696                       8.6775694
               1.1702001                       8.6634679
                  1.1708                       8.6494728
                  1.1714                       8.6355385
               1.1720001                       8.6216065
                  1.1726                       8.6077946
                  1.1732                       8.5940438
                  1.1738                       8.5803455
                  1.1744                       8.5665967
               1.1750001                       8.5530719
               1.1756001                       8.5396082
               1.1761999                       8.5260158
                  1.1768                       8.5127241
               1.1774001                       8.4993358
                   1.178                       8.4860498
                  1.1786                       8.4728419
               1.1792001                       8.4596743
                  1.1798                       8.4465739
                  1.1804                        8.433528
                   1.181                       8.4205492
                  1.1816                       8.4076238
               1.1822001                       8.3947521
               1.1828001                       8.3819297
               1.1833999                       8.3691696
                   1.184                       8.3564728
               1.1846001                       8.3438346
                  1.1852                       8.3312492
                  1.1858                       8.3186989
               1.1864001                       8.3062249
                   1.187                       8.2937899
                  1.1876                       8.2814271
               1.1881999                       8.2691183
                  1.1888                       8.2568459
               1.1894001                       8.2446413
               1.1900001                        8.232485
               1.1905999                        8.220383
                  1.1912                       8.2083312
               1.1918001                       8.1963433
                  1.1924                       8.1844013
                   1.193                       8.1724929
               1.1936001                       8.1606545
                  1.1942                       8.1488673
                  1.1948                       8.1371152
               1.1953999                       8.1254223
                   1.196                       8.1137743
               1.1966001                       8.1021902
               1.1971999                       8.0906392
               1.1977999                       8.0791635
                  1.1984                       8.0677043
               1.1990001                          8.0563
                  1.1996                       8.0449507
                  1.2002                       8.0336549
               1.2007999                       8.0223985
                  1.2014                       8.0111951
                   1.202                        8.000028
               1.2025999                       7.9889214
                  1.2032                       7.9778452
               1.2038001                       7.9668282
               1.2043999                       7.9558483
               1.2049999                       7.9449072
                  1.2056                       7.9340372
               1.2062001                       7.9231891
                  1.2068                        7.912391
                  1.2074                       7.9016407
               1.2079999                       7.8909315
                  1.2086                       7.8802572
                  1.2092                       7.8696508
               1.2097999                        7.859072
                  1.2104                       7.8485199
               1.2110001                       7.8380356
               1.2115999                       7.8275794
               1.2121999                       7.8171743
                  1.2128                        7.806804
                  1.2134                       7.7964816
                   1.214                       7.7861963
                  1.2146                       7.7759516
               1.2151999                       7.7657506
                  1.2158                       7.7555873
                  1.2164                       7.7454653
               1.2169999                       7.7353783
                  1.2176                       7.7253301
               1.2182001                       7.7153238
               1.2187999                       7.7053677
               1.2193999                       7.6954402
                    1.22                       7.6855517
                  1.2206                       7.6757041
                  1.2212                       7.6658956
                  1.2218                       7.6561225
                  1.2224                       7.6463866
                   1.223                       7.6366948
                  1.2236                       7.6270164
               1.2241999                       7.6174081
                  1.2248                       7.6078163
               1.2254001                       7.5982713
                   1.226                       7.5887522
               1.2265999                       7.5792653
                  1.2272                       7.5698381
                  1.2278                       7.5604262
                  1.2284                       7.5510448
                   1.229                       7.5417065
                  1.2296                       7.5324088
               1.2302001                       7.5231493
                  1.2308                        7.513906
               1.2313999                       7.5047106
                   1.232                       7.4955404
               1.2326001                       7.4864025
                  1.2332                       7.4773138
               1.2337999                       7.4682615
                  1.2344                       7.4592129
                   1.235                       7.4502094
                  1.2356                       7.4412454
                  1.2362                        7.432312
                  1.2368                       7.4234081
               1.2374001                       7.4145393
                   1.238                       7.4057108
               1.2385999                       7.3968959
                  1.2392                       7.3881154
               1.2398001                       7.3793699
                  1.2404                       7.3706565
               1.2409999                       7.3619798
                  1.2416                       7.3533191
                  1.2422                       7.3447032
                  1.2428                       7.3361078
                  1.2434                       7.3275458
                   1.244                        7.319012
               1.2446001                        7.310511
                  1.2452                       7.3020398
               1.2457999                       7.2935935
                  1.2464                       7.2851805
               1.2470001                       7.2767939
                  1.2476                       7.2684354
               1.2481999                       7.2601042
                  1.2488                       7.2518077
                  1.2494                       7.2435336
                    1.25                       7.2352873
                  1.2506                       7.2270692
                  1.2512                        7.218882
               1.2518001                       7.2107163
                  1.2524                       7.2025855
               1.2529999                        7.194477
                  1.2536                       7.1863921
               1.2542001                       7.1783336
                  1.2548                       7.1703078
               1.2553999                       7.1623041
                   1.256                        7.154333
                  1.2566                       7.1463764
                  1.2572                       7.1384523
                  1.2578                       7.1305514
                  1.2584                       7.1226793
               1.2590001                       7.1148311
                  1.2596                       7.1070082
               1.2601999                       7.0992076
                  1.2608                       7.0914313
               1.2614001                       7.0836868
                   1.262                       7.0759601
               1.2625999                       7.0682577
                  1.2632                       7.0605825
                  1.2638                       7.0529304
                  1.2644                       7.0453082
                   1.265                       7.0376996
                  1.2656                       7.0301189
               1.2662001                       7.0225636
                  1.2668                       7.0150317
               1.2673999                       7.0075185
                   1.268                       7.0000282
               1.2686001                        6.992566
                  1.2692                       6.9851204
               1.2697999                       6.9776987
                  1.2704                       6.9703056
                   1.271                       6.9629284
                  1.2716                       6.9555759
                  1.2722                       6.9482427
                  1.2728                       6.9409341
               1.2734001                       6.9336442
                   1.274                       6.9263819
               1.2745999                       6.9191358
                  1.2752                       6.9119153
               1.2758001                       6.9047075
                  1.2764                       6.8975294
                   1.277                       6.8903689
                  1.2776                       6.8832309
                  1.2782                       6.8761132
                  1.2788                        6.869015
                  1.2794                       6.8619327
                    1.28                       6.8548776
               1.2806001                       6.8478423
               1.2812001                        6.840821
               1.2817999                       6.8338263
                  1.2824                       6.8268499
               1.2830001                       6.8198894
                  1.2836                       6.8129502
                  1.2842                       6.8060334
               1.2848001                       6.7991332
                  1.2854                       6.7922515
                   1.286                       6.7853921
                  1.2866                       6.7785508
                  1.2872                       6.7717281
               1.2878001                       6.7649227
               1.2884001                       6.7581374
               1.2889999                       6.7513697
                  1.2896                       6.7446203
               1.2902001                         6.73789
                  1.2908                       6.7311783
                  1.2914                       6.7244837
               1.2920001                       6.7178076
                  1.2926                       6.7111505
                  1.2932                       6.7045093
               1.2937999                       6.6978865
                  1.2944                       6.6912815
               1.2950001                       6.6846941
               1.2956001                       6.6781245
               1.2961999                       6.6715718
                  1.2968                       6.6650356
               1.2974001                       6.6585173
                   1.298                       6.6520158
                  1.2986                       6.6455313
               1.2992001                       6.6390646
                  1.2998                       6.6326131
                  1.3004                        6.626179
               1.3009999                       6.6197615
                  1.3016                       6.6133604
               1.3022001                       6.6069762
               1.3028001                       6.6006076
               1.3033999                       6.5942556
                   1.304                       6.5879192
               1.3046001                       6.5815986
                  1.3052                       6.5752947
                  1.3058                        6.569007
               1.3063999                       6.5627352
                   1.307                       6.5564767
                  1.3076                       6.5502369
               1.3081999                       6.5440102
                  1.3088                       6.5378001
               1.3094001                       6.5316055
               1.3099999                       6.5254268
               1.3105999                       6.5192638
                  1.3112                       6.5131115
               1.3118001                       6.5069662
                  1.3124                       6.5008663
                   1.313                       6.4947445
               1.3135999                       6.4886852
                  1.3142                       6.4826209
                  1.3148                       6.4765601
               1.3153999                       6.4704981
                   1.316                       6.4644584
               1.3166001                       6.4584404
               1.3171999                       6.4524419
               1.3177999                       6.4464521
                  1.3184                       6.4404772
                   1.319                        6.434519
                  1.3196                       6.4285795
                  1.3202                       6.4226457
               1.3207999                       6.4167298
                  1.3214                       6.4108267
                   1.322                       6.4049378
               1.3225999                        6.399063
                  1.3232                       6.3932016
               1.3238001                       6.3873589
               1.3243999                       6.3815167
               1.3249999                       6.3757012
                  1.3256                       6.3698949
                  1.3262                       6.3641014
                  1.3268                       6.3583259
                  1.3274                       6.3525536
               1.3279999                       6.3468008
                  1.3286                       6.3410632
                  1.3292                       6.3353353
               1.3297999                       6.3296179
                  1.3304                       6.3239242
               1.3310001                       6.3182346
                  1.3316                       6.3125603
               1.3321999                       6.3068931
                  1.3328                       6.3012541
                  1.3334                       6.2956126
                   1.334                        6.289989
                  1.3346                       6.2843703
                  1.3352                       6.2787817
               1.3358001                       6.2731987
                  1.3364                       6.2676163
               1.3369999                       6.2620593
                  1.3376                       6.2565158
               1.3382001                       6.2509759
                  1.3388                       6.2454563
               1.3393999                       6.2399402
                    1.34                        6.234447
                  1.3406                       6.2289563
                  1.3412                       6.2234806
                  1.3418                       6.2180198
                  1.3424                       6.2125694
               1.3430001                       6.2071351
                  1.3436                       6.2017045
               1.3441999                       6.1962844
                  1.3448                       6.1908923
               1.3454001                       6.1854987
                   1.346                       6.1801154
               1.3465999                       6.1747472
                  1.3472                       6.1693976
                  1.3478                       6.1640496
                  1.3484                       6.1587174
                   1.349                       6.1533995
                  1.3496                       6.1480893
               1.3502001                       6.1427939
                  1.3508                       6.1375081
               1.3513999                       6.1322337
                   1.352                       6.1269698
               1.3526001                       6.1217218
                  1.3532                       6.1164842
               1.3537999                       6.1112463
                  1.3544                       6.1060375
                   1.355                       6.1008214
                  1.3556                       6.0956304
                  1.3562                        6.090443
                  1.3568                       6.0852682
               1.3574001                       6.0801036
                   1.358                       6.0749585
               1.3585999                       6.0698156
                  1.3592                       6.0646872
               1.3598001                       6.0595699
                  1.3604                       6.0544657
               1.3609999                       6.0493676
                  1.3616                       6.0442794
                  1.3622                       6.0392088
                  1.3628                       6.0341415
                  1.3634                        6.029093
                   1.364                       6.0240462
               1.3646001                       6.0190207
                  1.3652                       6.0139998
               1.3657999                        6.008972
                  1.3664                       6.0039855
               1.3670001                       5.9989946
                  1.3676                       5.9940129
               1.3681999                       5.9890531
                  1.3688                       5.9840944
                  1.3694                       5.9791484
                    1.37                       5.9742044
                  1.3706                       5.9692786
                  1.3712                        5.964367
               1.3718001                       5.9594572
                  1.3724                       5.9545622
               1.3729999                       5.9496781
                  1.3736                       5.9447981
               1.3742001                       5.9399426
                  1.3748                       5.9350861
               1.3753999                        5.930247
                   1.376                       5.9254132
                  1.3766                        5.920589
                  1.3772                       5.9157772
                  1.3778                       5.9109594
                  1.3784                       5.9061838
               1.3790001                       5.9013909
                  1.3796                       5.8966222
               1.3801999                       5.8918523
                  1.3808                       5.8871021
               1.3814001                         5.88235
                   1.382                       5.8776285
               1.3825999                       5.8728966
                  1.3832                       5.8681909
                  1.3838                       5.8634904
                  1.3844                       5.8588011
                   1.385                       5.8541083
                  1.3856                       5.8494339
               1.3862001                        5.844773
               1.3868001                       5.8401164
               1.3873999                       5.8354771
                   1.388                       5.8308452
               1.3886001                       5.8262114
                  1.3892                       5.8215981
                  1.3898                       5.8169954
               1.3904001                       5.8123982
                   1.391                       5.8078108
                  1.3916                       5.8032277
                  1.3922                       5.7986632
                  1.3928                       5.7941016
               1.3934001                       5.7895664
               1.3940001                        5.785029
               1.3945999                       5.7804983
                  1.3952                       5.7759787
               1.3958001                       5.7714635
                  1.3964                       5.7669589
                   1.397                       5.7624764
               1.3976001                        5.757989
                  1.3982                       5.7535244
                  1.3988                       5.7490475
               1.3993999                       5.7446065
                     1.4                       5.7401615
               1.4006001                       5.7357188
               1.4012001                       5.7312902
               1.4017999                       5.7268862
                  1.4024                       5.7224722
               1.4030001                       5.7180741
                  1.4036                       5.7136847
                  1.4042                       5.7093052
               1.4048001                       5.7049329
                  1.4054                       5.7005792
                   1.406                         5.69622
               1.4065999                       5.6918813
                  1.4072                       5.6875548
               1.4078001                       5.6832196
               1.4084001                       5.6789069
               1.4089999                       5.6746097
                  1.4096                       5.6703053
               1.4102001                       5.6660331
                  1.4108                       5.6617442
                  1.4114                       5.6574745
               1.4119999                       5.6532045
                  1.4126                       5.6489522
                  1.4132                       5.6447047
               1.4137999                        5.640482
                  1.4144                       5.6362735
               1.4150001                       5.6320471
               1.4155999                       5.6278497
               1.4161999                       5.6236319
                  1.4168                       5.6194655
               1.4174001                       5.6152744
                   1.418                       5.6110944
                  1.4186                       5.6069344
               1.4191999                       5.6027905
                  1.4198                       5.5986387
                  1.4204                       5.5945199
               1.4209999                       5.5903698
                  1.4216                       5.5862599
               1.4222001                       5.5821527
               1.4227999                       5.5780421
               1.4233999                       5.5739621
                   1.424                       5.5698806
                  1.4246                        5.565797
                  1.4252                       5.5617379
                  1.4258                       5.5576837
               1.4263999                       5.5536381
                   1.427                       5.5495949
                  1.4276                       5.5455736
               1.4281999                       5.5415445
                  1.4288                       5.5375256
               1.4294001                       5.5335212
               1.4299999                       5.5295318
               1.4305999                       5.5255442
                  1.4312                       5.5215625
                  1.4318                       5.5175961
                  1.4324                       5.5136428
                   1.433                       5.5096791
               1.4335999                       5.5057271
                  1.4342                       5.5017861
                  1.4348                       5.4978735
               1.4353999                       5.4939342
                   1.436                       5.4900369
               1.4366001                       5.4861178
                  1.4372                       5.4822313
               1.4377999                       5.4783419
                  1.4384                       5.4744687
                   1.439                       5.4705921
                  1.4396                       5.4667447
                  1.4402                       5.4628878
                  1.4408                       5.4590278
               1.4414001                        5.455202
                   1.442                       5.4513795
               1.4425999                       5.4475708
                  1.4432                       5.4437491
               1.4438001                       5.4399434
                  1.4444                       5.4361594
               1.4449999                       5.4323789
                  1.4456                       5.4285896
                  1.4462                       5.4248348
                  1.4468                       5.4210677
                  1.4474                       5.4173194
                   1.448                       5.4135472
               1.4486001                       5.4098319
                  1.4492                       5.4060628
               1.4497999                       5.4023577
                  1.4504                       5.3986266
               1.4510001                       5.3949464
                  1.4516                       5.3912315
               1.4521999                       5.3875508
                  1.4528                       5.3838867
                  1.4534                       5.3802057
                   1.454                       5.3765948
                  1.4546                       5.3728627
                  1.4552                       5.3692519
               1.4558001                       5.3656355
                  1.4564                       5.3619578
               1.4569999                       5.3583581
                  1.4576                       5.3547316
               1.4582001                       5.3511182
                  1.4588                       5.3475179
               1.4593999                       5.3439555
                    1.46                       5.3403431
                  1.4606                        5.336782
                  1.4612                       5.3332224
                  1.4618                       5.3296218
                  1.4624                       5.3261133
               1.4630001                       5.3225657
                  1.4636                       5.3190038
               1.4641999                       5.3155066
                  1.4648                        5.311947
               1.4654001                       5.3084645
                   1.466                       5.3049009
               1.4665999                       5.3014065
                  1.4672                       5.2979094
                  1.4678                       5.2944647
                  1.4684                       5.2909699
                   1.469                       5.2875394
                  1.4696                       5.2840426
               1.4702001                       5.2806512
                  1.4708                       5.2771688
               1.4713999                       5.2737244
                   1.472                       5.2702799
               1.4726001                       5.2668497
                  1.4732                       5.2634583
               1.4737999                       5.2600275
                  1.4744                       5.2567008
                   1.475                       5.2532571
                  1.4756                       5.2498263
                  1.4762                       5.2465002
                  1.4768                       5.2431218
               1.4774001                       5.2397956
                   1.478                       5.2364166
               1.4785999                       5.2331031
                  1.4792                       5.2297119
               1.4798001                       5.2263855
                  1.4804                       5.2230198
               1.4809999                       5.2197455
                  1.4816                       5.2164322
                  1.4822                       5.2131058
                  1.4828                        5.209845
                  1.4834                       5.2065704
                   1.484                       5.2033225
               1.4846001                       5.2000089
                  1.4852                        5.196748
               1.4857999                       5.1934873
                  1.4864                       5.1902251
               1.4870001                       5.1869771
                  1.4876                       5.1837414
               1.4881999                       5.1805205
                  1.4888                       5.1772987
                  1.4894                       5.1740754
                    1.49                        5.170854
                  1.4906                       5.1676589
                  1.4912                       5.1644488
               1.4918001                       5.1612792
               1.4924001                       5.1580843
               1.4929999                       5.1549268
                  1.4936                        5.151757
               1.4942001                       5.1485864
                  1.4948                       5.1454308
                  1.4954                       5.1422864
               1.4960001                       5.1391433
                  1.4966                       5.1359974
                  1.4972                       5.1328802
                  1.4978                       5.1297491
                  1.4984                       5.1266333
               1.4990001                       5.1235412
               1.4996001                       5.1204359
               1.5001999                       5.1173451
                  1.5008                       5.1142528
               1.5014001                       5.1111745
                   1.502                       5.1081099
                  1.5026                       5.1050568
               1.5032001                       5.1019784
                  1.5038                       5.0989135
                  1.5044                       5.0958727
                   1.505                       5.0928347
                  1.5056                        5.089808
               1.5062001                       5.0867785
               1.5068001                        5.083743
               1.5073999                       5.0807298
                   1.508                       5.0777305
               1.5086001                       5.0747009
                  1.5092                       5.0717159
                  1.5098                       5.0687237
               1.5104001                       5.0657523
                   1.511                       5.0627761
                  1.5116                       5.0597917
               1.5121999                       5.0568433
                  1.5128                       5.0538686
               1.5134001                       5.0509321
               1.5140001                       5.0479887
               1.5145999                       5.0450256
                  1.5152                       5.0421002
               1.5158001                       5.0391674
                  1.5164                       5.0362485
                   1.517                       5.0333237
               1.5176001                       5.0304262
                  1.5182                       5.0275151
                  1.5188                       5.0246389
               1.5193999                       5.0217252
                    1.52                       5.0188443
               1.5206001                       5.0159727
               1.5211999                       5.0130783
               1.5217999                       5.0102062
                  1.5224                       5.0073649
               1.5230001                       5.0045051
                  1.5236                       5.0016524
                  1.5242                        4.998806
               1.5247999                       4.9959674
                  1.5254                       4.9931303
                   1.526                       4.9902918
               1.5265999                       4.9874735
                  1.5272                       4.9846523
               1.5278001                       4.9818375
               1.5283999                        4.979048
               1.5289999                       4.9762263
                  1.5296                       4.9734335
                  1.5302                       4.9706422
                  1.5308                       4.9678677
                  1.5314                       4.9650979
               1.5319999                       4.9622949
                  1.5326                         4.95954
                  1.5332                       4.9567772
               1.5337999                       4.9540215
                  1.5344                       4.9512749
               1.5350001                       4.9485321
               1.5355999                       4.9457804
               1.5361999                       4.9430284
                  1.5368                       4.9403145
                  1.5374                       4.9375736
                   1.538                       4.9348348
                  1.5386                       4.9321213
               1.5391999                       4.9293833
                  1.5398                       4.9267254
                  1.5404                       4.9239843
               1.5409999                       4.9213229
                  1.5416                        4.918636
               1.5422001                        4.915923
               1.5427999                        4.913234
               1.5433999                       4.9105704
                   1.544                       4.9078896
                  1.5446                       4.9052259
                  1.5452                       4.9025638
                  1.5458                       4.8998772
                  1.5464                       4.8972678
               1.5470001                       4.8945817
                  1.5476                       4.8919425
               1.5481999                       4.8892838
                  1.5488                       4.8866493
               1.5494001                       4.8840116
                    1.55                       4.8814065
               1.5505999                       4.8787688
                  1.5512                       4.8761619
                  1.5518                       4.8735254
                  1.5524                       4.8709224
                   1.553                       4.8683293
                  1.5536                       4.8657295
               1.5542001                       4.8631175
                  1.5548                       4.8605294
               1.5553999                       4.8579212
                   1.556                       4.8553504
               1.5566001                       4.8527668
                  1.5572                       4.8501787
               1.5577999                       4.8475856
                  1.5584                       4.8450329
                   1.559                       4.8424827
                  1.5596                       4.8398945
                  1.5602                       4.8373367
                  1.5608                       4.8347833
               1.5614001                       4.8322458
                   1.562                        4.829668
               1.5625999                       4.8271651
                  1.5632                       4.8245814
               1.5638001                       4.8220817
                  1.5644                       4.8195229
               1.5649999                       4.8170485
                  1.5656                       4.8144878
                  1.5662                       4.8119523
                  1.5668                       4.8093951
                  1.5674                       4.8069214
                   1.568                       4.8044121
               1.5686001                       4.8019121
                  1.5692                       4.7993852
               1.5697999                       4.7968768
                  1.5704                       4.7944014
               1.5710001                       4.7918885
                  1.5716                        4.789412
               1.5721999                       4.7869035
                  1.5728                       4.7844026
                  1.5734                       4.7819802
                   1.574                       4.7794497
                  1.5746                       4.7769643
                  1.5752                       4.7745147
               1.5758001                       4.7720399
                  1.5764                       4.7695772
               1.5769999                       4.7671309
                  1.5776                       4.7646587
               1.5782001                       4.7622025
                  1.5788                       4.7597255
               1.5793999                       4.7572678
                    1.58                       4.7548443
                  1.5806                       4.7523849
                  1.5812                        4.749944
                  1.5818                       4.7474908
                  1.5824                       4.7450604
               1.5830001                       4.7426631
                  1.5836                       4.7401825
               1.5841999                       4.7377566
                  1.5848                       4.7353304
               1.5854001                       4.7329035
                   1.586                       4.7304791
               1.5865999                       4.7280495
                  1.5872                        4.725674
                  1.5878                       4.7232779
                  1.5884                       4.7208279
                   1.589                       4.7184235
                  1.5896                       4.7159969
               1.5902001                        4.713548
                  1.5908                       4.7111995
               1.5913999                       4.7087444
                   1.592                       4.7062887
               1.5926001                       4.7039757
                  1.5932                       4.7016014
               1.5937999                        4.699193
                  1.5944                       4.6968704
                   1.595                       4.6944286
                  1.5956                       4.6920199
                  1.5962                       4.6897029
                  1.5968                        4.687245
               1.5974001                       4.6849294
                   1.598                       4.6825323
               1.5985999                       4.6800718
                  1.5992                       4.6778056
               1.5998001                       4.6754789
                  1.6004                       4.6730323
                   1.601                       4.6706806
               1.6016001                        4.668359
                  1.6022                       4.6659093
                  1.6028                       4.6635816
                  1.6034                       4.6612629
                   1.604                        4.658814
               1.6046001                       4.6564895
               1.6052001                       4.6541482
               1.6057999                       4.6518174
                  1.6064                       4.6494979
               1.6070001                       4.6471494
                  1.6076                       4.6447529
                  1.6082                       4.6424551
               1.6088001                       4.6401004
                  1.6094                       4.6377803
                    1.61                       4.6354312
                  1.6106                       4.6330372
                  1.6112                       4.6307118
               1.6118001                       4.6284401
               1.6124001                       4.6260424
               1.6129999                        4.623719
                  1.6136                       4.6214511
               1.6142001                       4.6191278
                  1.6148                       4.6167812
                  1.6154                       4.6144606
               1.6160001                       4.6121069
                  1.6166                       4.6098139
                  1.6172                        4.607517
               1.6177999                        4.605175
                  1.6184                        4.602928
               1.6190001                       4.6005798
               1.6196001                       4.5982559
               1.6201999                       4.5959887
                  1.6208                       4.5936395
               1.6214001                       4.5913171
                   1.622                       4.5889951
                  1.6226                       4.5866457
               1.6232001                       4.5844548
                  1.6238                       4.5820779
                  1.6244                       4.5798382
               1.6249999                       4.5775648
                  1.6256                        4.575246
               1.6262001                       4.5730282
               1.6267999                       4.5706786
               1.6273999                       4.5683592
                   1.628                       4.5660646
               1.6286001                       4.5637925
                  1.6292                       4.5615977
                  1.6298                       4.5592828
               1.6303999                       4.5570098
                   1.631                       4.5547103
                  1.6316                        4.552443
               1.6321999                       4.5502248
                  1.6328                       4.5478752
               1.6334001                        4.545687
               1.6339999                       4.5433361
               1.6345999                       4.5410702
                  1.6352                       4.5388519
               1.6358001                       4.5365782
                  1.6364                       4.5343123
                   1.637                       4.5320429
               1.6375999                       4.5298263
                  1.6382                       4.5275066
                  1.6388                        4.525261
               1.6393999                       4.5230665
                    1.64                       4.5207999
               1.6406001                       4.5185482
               1.6411999                       4.5163071
               1.6417999                       4.5140919
                  1.6424                       4.5117978
                   1.643                        4.509605
                  1.6436                        4.507387
                  1.6442                       4.5051715
               1.6447999                       4.5028238
                  1.6454                       4.5006845
                   1.646                       4.4984631
               1.6465999                       4.4962486
                  1.6472                       4.4940534
               1.6478001                       4.4918115
               1.6483999                       4.4895945
               1.6489999                       4.4873244
                  1.6496                       4.4851075
                  1.6502                       4.4829676
                  1.6508                       4.4807535
                  1.6514                        4.478586
                   1.652                       4.4763662
                  1.6526                       4.4741496
                  1.6532                        4.471985
               1.6537999                       4.4697937
                  1.6544                        4.467601
               1.6550001                       4.4654366
                  1.6556                       4.4632701
               1.6561999                       4.4610787
                  1.6568                       4.4588853
                  1.6574                       4.4567479
                   1.658                       4.4545309
                  1.6586                       4.4523931
                  1.6592                       4.4502006
               1.6598001                       4.4480852
                  1.6604                       4.4459457
               1.6609999                       4.4437553
                  1.6616                       4.4416151
               1.6622001                       4.4394506
                  1.6628                       4.4373097
               1.6633999                       4.4351985
                   1.664                        4.433033
                  1.6646                         4.43092
                  1.6652                       4.4288335
                  1.6658                       4.4266935
                  1.6664                        4.424554
               1.6670001                       4.4224415
                  1.6676                       4.4203276
               1.6681999                       4.4182139
                  1.6688                       4.4161269
               1.6694001                       4.4140401
                    1.67                       4.4119006
               1.6705999                       4.4098132
                  1.6712                       4.4077525
                  1.6718                       4.4056913
                  1.6724                       4.4036037
                   1.673                       4.4015425
                  1.6736                       4.3994294
               1.6742001                       4.3973949
                  1.6748                       4.3953335
               1.6753999                       4.3932988
                   1.676                       4.3912636
               1.6766001                       4.3891763
                  1.6772                       4.3871678
               1.6777999                       4.3851063
                  1.6784                       4.3830713
                   1.679                       4.3810627
                  1.6796                       4.3790279
                  1.6802                       4.3769923
                  1.6808                       4.3750106
               1.6814001                       4.3730011
                   1.682                       4.3709925
               1.6825999                       4.3690099
                  1.6832                       4.3670263
               1.6838001                       4.3650181
                  1.6844                       4.3630864
               1.6849999                       4.3611046
                  1.6856                       4.3591222
                  1.6862                       4.3571903
                  1.6868                       4.3552085
                  1.6874                       4.3533031
                   1.688                       4.3512947
               1.6886001                        4.349417
                  1.6892                       4.3474607
               1.6897999                       4.3455549
                  1.6904                       4.3435996
               1.6910001                       4.3416678
                  1.6916                       4.3398151
               1.6921999                       4.3379123
                  1.6928                       4.3360055
                  1.6934                       4.3341027
                   1.694                       4.3322505
                  1.6946                        4.330371
                  1.6952                       4.3285191
               1.6958001                       4.3266403
                  1.6964                       4.3247875
               1.6969999                       4.3229856
                  1.6976                       4.3211094
               1.6982001                       4.3192825
                  1.6988                       4.3174559
               1.6993999                       4.3156284
                     1.7                       4.3138555

