        
                     1.1                       17.454358
               1.1006001                       17.413945
                  1.1012                       17.373714
                  1.1018                       17.333693
               1.1023999                       17.293841
                   1.103                       17.254186
                  1.1036                       17.214751
               1.1041999                       17.175487
                  1.1048                       17.136432
               1.1054001                       17.097559
               1.1059999                       17.058881
               1.1065999                       17.020373
                  1.1072                       16.982086
                  1.1078                       16.943958
                  1.1084                       16.906036
                   1.109                       16.868311
               1.1095999                       16.830756
                  1.1102                       16.793382
                  1.1108                       16.756192
               1.1113999                       16.719184
                   1.112                       16.682371
               1.1126001                       16.645741
               1.1131999                       16.609283
               1.1137999                       16.573018
                  1.1144                       16.536936
                   1.115                       16.501036
                  1.1156                       16.465308
                  1.1162                       16.429761
                  1.1168                       16.394369
               1.1174001                       16.359188
                   1.118                       16.324165
               1.1185999                       16.289335
                  1.1192                       16.254648
               1.1198001                       16.220173
                  1.1204                       16.185851
               1.1209999                         16.1517
                  1.1216                       16.117719
                  1.1222                       16.083934
                  1.1228                       16.050291
                  1.1234                       16.016817
                   1.124                       15.983527
               1.1246001                       15.950422
                  1.1252                       15.917457
               1.1257999                       15.884676
                  1.1264                       15.852023
               1.1270001                       15.819583
                  1.1276                       15.787272
               1.1281999                       15.755141
                  1.1288                       15.723195
                  1.1294                       15.691382
                    1.13                       15.659733
                  1.1306                       15.628254
                  1.1312                       15.596948
               1.1318001                       15.565798
                  1.1324                       15.534791
               1.1329999                       15.503951
                  1.1336                       15.473257
               1.1342001                       15.442747
                  1.1348                       15.412356
               1.1353999                       15.382154
                   1.136                        15.35209
                  1.1366                       15.322205
                  1.1372                       15.292434
                  1.1378                       15.262834
                  1.1384                       15.233393
               1.1390001                       15.204083
                  1.1396                       15.174954
               1.1401999                       15.145938
                  1.1408                       15.117114
               1.1414001                       15.088415
                   1.142                        15.05986
               1.1425999                       15.031444
                  1.1432                       15.003196
                  1.1438                       14.975094
                  1.1444                       14.947099
                   1.145                       14.919276
                  1.1456                       14.891608
               1.1462001                        14.86405
                  1.1468                       14.836663
               1.1473999                       14.809401
                   1.148                       14.782232
               1.1486001                       14.755303
                  1.1492                       14.728498
               1.1497999                        14.70181
                  1.1504                       14.675105
                   1.151                       14.648886
                  1.1516                       14.622421
                  1.1522                       14.596305
                  1.1528                         14.5703
               1.1534001                       14.544433
                   1.154                        14.51867
               1.1545999                       14.493026
                  1.1552                       14.467617
               1.1558001                       14.442209
                  1.1564                       14.416914
               1.1569999                       14.391848
                  1.1576                         14.3669
                  1.1582                       14.342076
                  1.1588                       14.317236
                  1.1594                       14.292646
                    1.16                       14.268282
               1.1606001                       14.243921
                  1.1612                       14.219673
               1.1617999                       14.195551
                  1.1624                       14.171638
               1.1630001                       14.147746
                  1.1636                       14.124081
               1.1641999                       14.100423
                  1.1648                       14.076998
                  1.1654                       14.053569
                   1.166                       14.030373
                  1.1666                       14.007178
                  1.1672                       13.984205
               1.1678001                       13.961243
                  1.1684                       13.938391
               1.1689999                       13.915662
                  1.1696                       13.893154
               1.1702001                       13.870792
                  1.1708                       13.848389
                  1.1714                       13.826119
               1.1720001                       13.803995
                  1.1726                       13.781997
                  1.1732                       13.760136
                  1.1738                       13.738362
                  1.1744                        13.71668
               1.1750001                       13.695116
               1.1756001                       13.673658
               1.1761999                       13.652291
                  1.1768                       13.631037
               1.1774001                       13.609889
                   1.178                       13.588838
                  1.1786                       13.567898
               1.1792001                       13.547054
                  1.1798                       13.526326
                  1.1804                       13.505682
                   1.181                       13.485158
                  1.1816                       13.464713
               1.1822001                       13.444367
               1.1828001                       13.424136
               1.1833999                       13.403994
                   1.184                       13.383947
               1.1846001                       13.364001
                  1.1852                       13.344145
                  1.1858                       13.324395
               1.1864001                       13.304723
                   1.187                       13.285156
                  1.1876                       13.265676
               1.1881999                       13.246281
                  1.1888                       13.226996
               1.1894001                       13.207795
               1.1900001                       13.188674
               1.1905999                       13.169653
                  1.1912                       13.150733
               1.1918001                       13.131878
                  1.1924                       13.113126
                   1.193                       13.094448
               1.1936001                        13.07587
                  1.1942                       13.057379
                  1.1948                       13.038949
               1.1953999                       13.020637
                   1.196                       13.002388
               1.1966001                       12.984225
               1.1971999                       12.966163
               1.1977999                       12.948157
                  1.1984                       12.930247
               1.1990001                       12.912417
                  1.1996                       12.894663
                  1.2002                       12.876998
               1.2007999                       12.859393
                  1.2014                       12.841888
                   1.202                       12.824445
               1.2025999                       12.807082
                  1.2032                       12.789804
               1.2038001                       12.772594
               1.2043999                       12.755466
               1.2049999                       12.738417
                  1.2056                       12.721429
               1.2062001                       12.704522
                  1.2068                       12.687695
                  1.2074                       12.670933
               1.2079999                       12.654236
                  1.2086                       12.637627
                  1.2092                       12.621089
               1.2097999                       12.604609
                  1.2104                       12.588212
               1.2110001                        12.57188
               1.2115999                       12.555623
               1.2121999                       12.539427
                  1.2128                         12.5233
                  1.2134                       12.507241
                   1.214                       12.491245
                  1.2146                       12.475314
               1.2151999                       12.459455
                  1.2158                       12.443655
                  1.2164                       12.427928
               1.2169999                       12.412267
                  1.2176                       12.396665
               1.2182001                       12.381132
               1.2187999                       12.365665
               1.2193999                       12.350249
                    1.22                       12.334905
                  1.2206                       12.319616
                  1.2212                       12.304392
                  1.2218                       12.289226
                  1.2224                        12.27412
                   1.223                        12.25908
                  1.2236                       12.244094
               1.2241999                       12.229172
                  1.2248                       12.214304
               1.2254001                       12.199488
                   1.226                       12.184738
               1.2265999                       12.170052
                  1.2272                       12.155417
                  1.2278                       12.140831
                  1.2284                       12.126309
                   1.229                       12.111833
                  1.2296                       12.097422
               1.2302001                       12.083061
                  1.2308                       12.068756
               1.2313999                       12.054502
                   1.232                       12.040303
               1.2326001                       12.026161
                  1.2332                       12.012072
               1.2337999                       11.998035
                  1.2344                       11.984048
                   1.235                       11.970113
                  1.2356                       11.956223
                  1.2362                       11.942391
                  1.2368                       11.928609
               1.2374001                       11.914873
                   1.238                       11.901188
               1.2385999                       11.887554
                  1.2392                       11.873969
               1.2398001                       11.860434
                  1.2404                       11.846943
               1.2409999                       11.833504
                  1.2416                       11.820109
                  1.2422                       11.806765
                  1.2428                       11.793463
                  1.2434                       11.780212
                   1.244                       11.767009
               1.2446001                       11.753849
                  1.2452                       11.740729
               1.2457999                       11.727662
                  1.2464                       11.714635
               1.2470001                       11.701655
                  1.2476                       11.688721
               1.2481999                       11.675831
                  1.2488                       11.662979
                  1.2494                       11.650176
                    1.25                        11.63741
                  1.2506                        11.62469
                  1.2512                       11.612019
               1.2518001                       11.599381
                  1.2524                       11.586788
               1.2529999                       11.574237
                  1.2536                       11.561727
               1.2542001                       11.549259
                  1.2548                        11.53683
               1.2553999                       11.524443
                   1.256                       11.512093
                  1.2566                       11.499788
                  1.2572                       11.487519
                  1.2578                        11.47529
                  1.2584                       11.463099
               1.2590001                        11.45095
                  1.2596                       11.438837
               1.2601999                       11.426765
                  1.2608                       11.414727
               1.2614001                       11.402729
                   1.262                       11.390768
               1.2625999                       11.378846
                  1.2632                       11.366959
                  1.2638                       11.355109
                  1.2644                       11.343297
                   1.265                        11.33152
                  1.2656                        11.31978
               1.2662001                       11.308074
                  1.2668                       11.296406
               1.2673999                       11.284771
                   1.268                       11.273173
               1.2686001                       11.261611
                  1.2692                       11.250081
               1.2697999                       11.238587
                  1.2704                       11.227128
                   1.271                       11.215701
                  1.2716                       11.204309
                  1.2722                       11.192951
                  1.2728                       11.181625
               1.2734001                       11.170334
                   1.274                       11.159075
               1.2745999                        11.14785
                  1.2752                       11.136657
               1.2758001                       11.125495
                  1.2764                       11.114366
                   1.277                       11.103269
                  1.2776                       11.092204
                  1.2782                       11.081172
                  1.2788                        11.07017
                  1.2794                         11.0592
                    1.28                       11.048259
               1.2806001                        11.03735
               1.2812001                       11.026473
               1.2817999                       11.015626
                  1.2824                        11.00481
               1.2830001                       10.994021
                  1.2836                       10.983262
                  1.2842                       10.972538
               1.2848001                        10.96184
                  1.2854                        10.95117
                   1.286                       10.940532
                  1.2866                       10.929921
                  1.2872                       10.919345
               1.2878001                       10.908789
               1.2884001                       10.898263
               1.2889999                       10.887773
                  1.2896                       10.877302
               1.2902001                       10.866863
                  1.2908                       10.856456
                  1.2914                       10.846065
               1.2920001                       10.835717
                  1.2926                       10.825387
                  1.2932                       10.815088
               1.2937999                       10.804813
                  1.2944                       10.794567
               1.2950001                        10.78435
               1.2956001                       10.774154
               1.2961999                       10.763989
                  1.2968                       10.753848
               1.2974001                       10.743736
                   1.298                       10.733649
                  1.2986                       10.723586
               1.2992001                       10.713552
                  1.2998                       10.703541
                  1.3004                       10.693554
               1.3009999                       10.683599
                  1.3016                       10.673661
               1.3022001                       10.663758
               1.3028001                       10.653875
               1.3033999                       10.644013
                   1.304                       10.634178
               1.3046001                       10.624369
                  1.3052                       10.614551
                  1.3058                       10.604827
               1.3063999                        10.59507
                   1.307                       10.585349
                  1.3076                       10.575672
               1.3081999                       10.566057
                  1.3088                       10.556379
               1.3094001                       10.546707
               1.3099999                       10.537142
               1.3105999                       10.527588
                  1.3112                       10.518033
               1.3118001                       10.508529
                  1.3124                       10.499027
                   1.313                        10.48953
               1.3135999                       10.480089
                  1.3142                       10.470648
                  1.3148                       10.461257
               1.3153999                       10.451876
                   1.316                       10.442509
               1.3166001                       10.433173
               1.3171999                       10.423854
               1.3177999                       10.414557
                  1.3184                       10.405279
                   1.319                       10.396018
                  1.3196                       10.386789
                  1.3202                       10.377577
               1.3207999                       10.368391
                  1.3214                       10.359218
                   1.322                       10.350077
               1.3225999                       10.340948
                  1.3232                       10.331844
               1.3238001                       10.322759
               1.3243999                       10.313696
               1.3249999                       10.304656
                  1.3256                        10.29563
                  1.3262                       10.286634
                  1.3268                       10.277654
                  1.3274                       10.268692
               1.3279999                       10.259754
                  1.3286                       10.250833
                  1.3292                       10.241932
               1.3297999                       10.233054
                  1.3304                       10.224204
               1.3310001                       10.215358
                  1.3316                       10.206541
               1.3321999                       10.197733
                  1.3328                       10.188969
                  1.3334                       10.180193
                   1.334                       10.171461
                  1.3346                       10.162742
                  1.3352                       10.154044
               1.3358001                       10.145355
                  1.3364                        10.13669
               1.3369999                       10.128047
                  1.3376                       10.119434
               1.3382001                       10.110827
                  1.3388                       10.102234
               1.3393999                       10.093661
                    1.34                       10.085114
                  1.3406                        10.07658
                  1.3412                        10.06807
                  1.3418                       10.059565
                  1.3424                       10.051097
               1.3430001                       10.042647
                  1.3436                       10.034194
               1.3441999                       10.025786
                  1.3448                        10.01738
               1.3454001                       10.008986
                   1.346                       10.000615
               1.3465999                       9.9922757
                  1.3472                       9.9839466
                  1.3478                       9.9756243
                  1.3484                        9.967333
                   1.349                       9.9590497
                  1.3496                       9.9507928
               1.3502001                       9.9425554
                  1.3508                       9.9343276
               1.3513999                       9.9261138
                   1.352                       9.9179221
               1.3526001                        9.909752
                  1.3532                       9.9015967
               1.3537999                       9.8934607
                  1.3544                       9.8853481
                   1.355                       9.8772339
                  1.3556                       9.8691587
                  1.3562                       9.8610677
                  1.3568                        9.853027
               1.3574001                        9.844986
                   1.358                       9.8369632
               1.3585999                       9.8289603
                  1.3592                        9.820978
               1.3598001                       9.8129996
                  1.3604                       9.8050536
               1.3609999                       9.7971188
                  1.3616                       9.7891913
                  1.3622                       9.7812882
                  1.3628                       9.7733938
                  1.3634                       9.7655396
                   1.364                       9.7576754
               1.3646001                       9.7498304
                  1.3652                       9.7420084
               1.3657999                       9.7342058
                  1.3664                       9.7264293
               1.3670001                       9.7186489
                  1.3676                       9.7108924
               1.3681999                       9.7031468
                  1.3688                       9.6954221
                  1.3694                       9.6877156
                    1.37                       9.6800279
                  1.3706                        9.672359
                  1.3712                       9.6646948
               1.3718001                       9.6570421
                  1.3724                       9.6494102
               1.3729999                       9.6418018
                  1.3736                        9.634203
               1.3742001                       9.6266153
                  1.3748                       9.6190504
               1.3753999                       9.6114997
                   1.376                       9.6039584
                  1.3766                       9.5964439
                  1.3772                       9.5889445
                  1.3778                       9.5814535
                  1.3784                       9.5739712
               1.3790001                       9.5665232
                  1.3796                         9.55907
               1.3801999                       9.5516508
                  1.3808                       9.5442504
               1.3814001                         9.53684
                   1.382                       9.5294684
               1.3825999                        9.522102
                  1.3832                       9.5147502
                  1.3838                       9.5074082
                  1.3844                       9.5001059
                   1.385                        9.492797
                  1.3856                        9.485492
               1.3862001                       9.4782274
               1.3868001                       9.4709598
               1.3873999                       9.4637254
                   1.388                       9.4564945
               1.3886001                       9.4492729
                  1.3892                       9.4420758
                  1.3898                       9.4349037
               1.3904001                       9.4277204
                   1.391                       9.4205658
                  1.3916                       9.4134362
                  1.3922                       9.4063101
                  1.3928                       9.3992015
               1.3934001                       9.3921189
               1.3940001                       9.3850373
               1.3945999                       9.3779646
                  1.3952                       9.3709211
               1.3958001                       9.3638766
                  1.3964                       9.3568711
                   1.397                       9.3498673
               1.3976001                       9.3428784
                  1.3982                       9.3358847
                  1.3988                       9.3289581
               1.3993999                       9.3219996
                     1.4                       9.3150772
               1.4006001                       9.3081468
               1.4012001                       9.3012456
               1.4017999                       9.2943659
                  1.4024                       9.2875001
               1.4030001                       9.2806336
                  1.4036                       9.2738015
                  1.4042                       9.2669593
               1.4048001                       9.2601453
                  1.4054                       9.2533482
                   1.406                       9.2465652
               1.4065999                       9.2398092
                  1.4072                       9.2330677
               1.4078001                       9.2263131
               1.4084001                       9.2195756
               1.4089999                       9.2128718
                  1.4096                       9.2061665
               1.4102001                       9.1995031
                  1.4108                       9.1928208
                  1.4114                       9.1861679
               1.4119999                       9.1795321
                  1.4126                       9.1729194
                  1.4132                       9.1663166
               1.4137999                       9.1597008
                  1.4144                       9.1531174
               1.4150001                       9.1465498
               1.4155999                       9.1400192
               1.4161999                       9.1334824
                  1.4168                       9.1269498
               1.4174001                       9.1204516
                   1.418                       9.1139423
                  1.4186                       9.1074597
               1.4191999                       9.1009996
                  1.4198                       9.0945677
                  1.4204                       9.0881255
               1.4209999                         9.08168
                  1.4216                       9.0752913
               1.4222001                       9.0689083
               1.4227999                       9.0625037
               1.4233999                       9.0561521
                   1.424                       9.0497877
                  1.4246                        9.043459
                  1.4252                       9.0371323
                  1.4258                       9.0308329
               1.4263999                       9.0245304
                   1.427                       9.0182439
                  1.4276                       9.0119829
               1.4281999                       9.0057486
                  1.4288                       8.9995004
               1.4294001                       8.9932773
               1.4299999                       8.9870678
               1.4305999                       8.9808586
                  1.4312                       8.9746889
                  1.4318                        8.968519
                  1.4324                       8.9623466
                   1.433                       8.9562436
               1.4335999                       8.9500993
                  1.4342                       8.9439815
                  1.4348                       8.9379026
               1.4353999                       8.9318102
                   1.436                       8.9257448
               1.4366001                       8.9196924
                  1.4372                       8.9136394
               1.4377999                       8.9076124
                  1.4384                       8.9015992
                   1.439                       8.8955979
                  1.4396                        8.889611
                  1.4402                       8.8836498
                  1.4408                       8.8776883
               1.4414001                       8.8717397
                   1.442                       8.8658174
               1.4425999                       8.8598955
                  1.4432                       8.8540124
               1.4438001                       8.8481292
                  1.4444                       8.8422979
               1.4449999                       8.8363496
                  1.4456                       8.8305835
                  1.4462                       8.8247005
                  1.4468                       8.8188692
                  1.4474                       8.8130905
                   1.448                       8.8072075
               1.4486001                       8.8014949
                  1.4492                       8.7956626
               1.4497999                        8.789897
                  1.4504                        8.784184
               1.4510001                         8.77847
                  1.4516                       8.7728213
               1.4521999                       8.7670566
                  1.4528                       8.7613426
                  1.4534                       8.7556819
                   1.454                        8.750018
                  1.4546                       8.7444237
                  1.4552                       8.7387224
               1.4558001                        8.733074
                  1.4564                       8.7274796
               1.4569999                       8.7219484
                  1.4576                       8.7162715
               1.4582001                       8.7107423
                  1.4588                       8.7052094
               1.4593999                       8.6996791
                    1.46                       8.6940833
                  1.4606                       8.6885939
                  1.4612                       8.6830611
                  1.4618                       8.6775834
                  1.4624                       8.6721053
               1.4630001                       8.6665581
                  1.4636                       8.6612117
               1.4641999                       8.6557324
                  1.4648                       8.6503586
               1.4654001                       8.6448944
                   1.466                       8.6394135
               1.4665999                       8.6341051
                  1.4672                       8.6286245
                  1.4678                       8.6233169
                  1.4684                       8.6179041
                   1.469                       8.6125431
                  1.4696                       8.6072332
               1.4702001                       8.6019878
                  1.4708                       8.5966275
               1.4713999                       8.5913179
                   1.472                        8.586075
               1.4726001                       8.5807772
                  1.4732                       8.5754523
               1.4737999                        8.570226
                  1.4744                       8.5650459
                   1.475                       8.5598533
                  1.4756                       8.5545986
                  1.4762                       8.5494029
                  1.4768                       8.5442274
               1.4774001                       8.5389833
                   1.478                       8.5338578
               1.4785999                       8.5287284
                  1.4792                       8.5235412
               1.4798001                        8.518465
                  1.4804                       8.5133374
               1.4809999                        8.508145
                  1.4816                       8.5030851
                  1.4822                        8.497995
                  1.4828                       8.4929906
                  1.4834                       8.4878647
                   1.484                       8.4828496
               1.4846001                       8.4778025
                  1.4852                       8.4727821
               1.4857999                       8.4677317
                  1.4864                        8.462736
               1.4870001                       8.4577249
                  1.4876                       8.4527722
               1.4881999                       8.4477881
                  1.4888                        8.442828
                  1.4894                       8.4378618
                    1.49                       8.4329274
                  1.4906                       8.4279881
                  1.4912                       8.4230742
               1.4918001                       8.4181667
               1.4924001                       8.4132431
               1.4929999                       8.4083683
                  1.4936                       8.4034878
               1.4942001                       8.3986268
                  1.4948                       8.3937295
                  1.4954                       8.3889093
               1.4960001                       8.3840638
                  1.4966                       8.3792388
                  1.4972                       8.3744105
                  1.4978                       8.3695848
                  1.4984                        8.364813
               1.4990001                       8.3600081
               1.4996001                       8.3552116
               1.5001999                       8.3504632
                  1.5008                       8.3456826
               1.5014001                       8.3409359
                   1.502                       8.3362195
                  1.5026                       8.3314649
               1.5032001                       8.3267686
                  1.5038                       8.3220255
                  1.5044                       8.3173536
                   1.505                       8.3126543
                  1.5056                        8.307962
               1.5062001                       8.3032642
               1.5068001                       8.2986208
               1.5073999                       8.2939452
                   1.508                        8.289333
               1.5086001                       8.2846912
                  1.5092                       8.2800401
                  1.5098                       8.2754248
               1.5104001                       8.2708027
                   1.511                       8.2662117
                  1.5116                       8.2616279
               1.5121999                        8.257034
                  1.5128                        8.252439
               1.5134001                       8.2478791
               1.5140001                       8.2433384
               1.5145999                       8.2387706
                  1.5152                       8.2342288
               1.5158001                       8.2296889
                  1.5164                        8.225152
                   1.517                       8.2206382
               1.5176001                       8.2161296
                  1.5182                       8.2116062
                  1.5188                       8.2071277
               1.5193999                       8.2026412
                    1.52                       8.1981661
               1.5206001                       8.1936877
               1.5211999                        8.189233
               1.5217999                       8.1847671
                  1.5224                       8.1803378
               1.5230001                       8.1758956
                  1.5236                       8.1714342
                  1.5242                       8.1670794
               1.5247999                       8.1626228
                  1.5254                       8.1582388
                   1.526                       8.1538254
               1.5265999                       8.1494478
                  1.5272                       8.1450309
               1.5278001                         8.14065
               1.5283999                       8.1362976
               1.5289999                       8.1319377
                  1.5296                       8.1275749
                  1.5302                       8.1232173
                  1.5308                       8.1188921
                  1.5314                       8.1145358
               1.5319999                       8.1101974
                  1.5326                       8.1059235
                  1.5332                       8.1016014
               1.5337999                       8.0972974
                  1.5344                       8.0929221
               1.5350001                       8.0886788
               1.5355999                       8.0843678
               1.5361999                       8.0801145
                  1.5368                       8.0758165
                  1.5374                       8.0715375
                   1.538                       8.0673101
                  1.5386                       8.0630359
               1.5391999                       8.0587888
                  1.5398                       8.0545515
                  1.5404                       8.0503307
               1.5409999                        8.046127
                  1.5416                       8.0418977
               1.5422001                       8.0376806
               1.5427999                       8.0334217
               1.5433999                       8.0292491
                   1.544                       8.0250474
                  1.5446                       8.0208525
                  1.5452                       8.0166764
                  1.5458                       8.0124929
                  1.5464                       8.0083331
               1.5470001                       8.0041271
                  1.5476                       7.9999774
               1.5481999                       7.9958282
                  1.5488                       7.9916831
               1.5494001                       7.9875258
                    1.55                       7.9833825
               1.5505999                       7.9792602
                  1.5512                       7.9751114
                  1.5518                       7.9710211
                  1.5524                       7.9668658
                   1.553                       7.9627724
                  1.5536                       7.9586453
               1.5542001                       7.9545785
                  1.5548                        7.950457
               1.5553999                       7.9463586
                   1.556                       7.9422899
               1.5566001                       7.9381951
                  1.5572                       7.9341202
               1.5577999                       7.9300798
                  1.5584                       7.9259917
                   1.559                       7.9219417
                  1.5596                       7.9179014
                  1.5602                       7.9138564
                  1.5608                       7.9097853
               1.5614001                       7.9057388
                   1.562                       7.9017177
               1.5625999                       7.8977065
                  1.5632                       7.8936333
               1.5638001                       7.8896698
                  1.5644                       7.8855956
               1.5649999                       7.8816071
                  1.5656                       7.8776098
                  1.5662                       7.8735948
                  1.5668                       7.8696068
                  1.5674                        7.865617
                   1.568                       7.8616238
               1.5686001                       7.8576318
                  1.5692                       7.8536649
               1.5697999                       7.8496722
                  1.5704                       7.8457093
               1.5710001                       7.8417438
                  1.5716                       7.8377807
               1.5721999                        7.833838
                  1.5728                       7.8298759
                  1.5734                       7.8259075
                   1.574                       7.8219689
                  1.5746                       7.8180255
                  1.5752                        7.814088
               1.5758001                       7.8101478
                  1.5764                       7.8062106
               1.5769999                       7.8022713
                  1.5776                       7.7983843
               1.5782001                       7.7944182
                  1.5788                       7.7905299
               1.5793999                       7.7866136
                    1.58                       7.7826729
                  1.5806                       7.7787353
                  1.5812                        7.774899
                  1.5818                        7.770989
                  1.5824                       7.7670768
               1.5830001                       7.7632395
                  1.5836                       7.7593288
               1.5841999                       7.7554196
                  1.5848                       7.7514981
               1.5854001                       7.7476638
                   1.586                       7.7437761
               1.5865999                       7.7399187
                  1.5872                        7.736029
                  1.5878                        7.732164
                  1.5884                       7.7283334
                   1.589                       7.7244687
                  1.5896                       7.7206114
               1.5902001                       7.7167249
                  1.5908                       7.7128615
               1.5913999                       7.7090286
                   1.592                       7.7051657
               1.5926001                       7.7013264
                  1.5932                       7.6974922
               1.5937999                       7.6936597
                  1.5944                       7.6898503
                   1.595                       7.6860155
                  1.5956                       7.6821522
                  1.5962                       7.6782908
                  1.5968                        7.674513
               1.5974001                       7.6706763
                   1.598                       7.6668399
               1.5985999                       7.6630318
                  1.5992                       7.6591952
               1.5998001                       7.6553351
                  1.6004                       7.6515549
                   1.601                       7.6477177
               1.6016001                       7.6439578
                  1.6022                       7.6401496
                  1.6028                       7.6362882
                  1.6034                       7.6325586
                   1.604                       7.6287235
               1.6046001                       7.6249667
               1.6052001                       7.6211562
               1.6057999                       7.6172965
                  1.6064                       7.6135647
               1.6070001                       7.6097295
                  1.6076                       7.6059478
                  1.6082                       7.6021909
               1.6088001                       7.5983571
                  1.6094                       7.5945717
                    1.61                        7.590816
                  1.6106                       7.5869799
                  1.6112                       7.5832486
               1.6118001                       7.5793877
               1.6124001                       7.5756306
               1.6129999                       7.5718742
                  1.6136                       7.5680926
               1.6142001                       7.5642566
                  1.6148                       7.5605256
                  1.6154                       7.5567431
               1.6160001                       7.5528814
                  1.6166                       7.5491509
                  1.6172                       7.5454195
               1.6177999                       7.5415857
                  1.6184                       7.5378021
               1.6190001                       7.5340711
               1.6196001                       7.5302096
               1.6201999                       7.5264796
                  1.6208                       7.5227481
               1.6214001                       7.5188868
                   1.622                       7.5151303
                  1.6226                       7.5113995
               1.6232001                       7.5076688
                  1.6238                       7.5038075
                  1.6244                       7.4999722
               1.6249999                       7.4962155
                  1.6256                       7.4925112
               1.6262001                       7.4886495
               1.6267999                       7.4848666
               1.6273999                       7.4811357
                   1.628                       7.4774045
               1.6286001                       7.4735692
                  1.6292                       7.4697874
                  1.6298                       7.4660299
               1.6303999                       7.4622735
                   1.631                       7.4584636
                  1.6316                       7.4546285
               1.6321999                       7.4508718
                  1.6328                       7.4471675
               1.6334001                       7.4433588
               1.6339999                       7.4395233
               1.6345999                       7.4357409
                  1.6352                       7.4319563
               1.6358001                       7.4281472
                  1.6364                       7.4244164
                   1.637                       7.4206612
               1.6375999                       7.4168006
                  1.6382                       7.4129904
                  1.6388                       7.4091546
               1.6393999                       7.4054254
                    1.64                       7.4016424
               1.6406001                       7.3978577
               1.6411999                       7.3940765
               1.6417999                       7.3902149
                  1.6424                       7.3864068
                   1.643                         7.38257
                  1.6436                        7.378735
                  1.6442                       7.3750053
               1.6447999                       7.3711436
                  1.6454                       7.3674118
                   1.646                       7.3635764
               1.6465999                       7.3597911
                  1.6472                       7.3559601
               1.6478001                       7.3521488
               1.6483999                       7.3483676
               1.6489999                       7.3444525
                  1.6496                       7.3406707
                  1.6502                       7.3368331
                  1.6508                       7.3330247
                  1.6514                       7.3291896
                   1.652                       7.3254081
                  1.6526                       7.3215486
                  1.6532                       7.3177643
               1.6537999                       7.3139295
                  1.6544                       7.3100702
               1.6550001                       7.3062577
                  1.6556                       7.3024252
               1.6561999                       7.2985877
                  1.6568                       7.2947785
                  1.6574                       7.2909152
                   1.658                       7.2870846
                  1.6586                       7.2832477
                  1.6592                       7.2794385
               1.6598001                       7.2755486
                  1.6604                       7.2717148
               1.6609999                       7.2679059
                  1.6616                       7.2640756
               1.6622001                       7.2602115
                  1.6628                       7.2563452
               1.6633999                       7.2525403
                   1.664                       7.2487066
                  1.6646                       7.2448458
                  1.6652                       7.2410071
                  1.6658                       7.2371454
                  1.6664                       7.2333127
               1.6670001                        7.229451
                  1.6676                       7.2256169
               1.6681999                       7.2217562
                  1.6688                       7.2179222
               1.6694001                       7.2141114
                    1.67                       7.2102741
               1.6705999                       7.2064136
                  1.6712                       7.2025762
                  1.6718                       7.1987157
                  1.6724                       7.1948541
                   1.673                       7.1910197
                  1.6736                       7.1872082
               1.6742001                       7.1833753
                  1.6748                       7.1795426
               1.6753999                       7.1756825
                   1.676                       7.1718975
               1.6766001                       7.1680613
                  1.6772                       7.1642262
               1.6777999                       7.1604176
                  1.6784                       7.1565863
                   1.679                        7.152749
                  1.6796                       7.1489382
                  1.6802                       7.1451321
                  1.6808                       7.1412955
               1.6814001                       7.1375135
                   1.682                       7.1337294
               1.6825999                       7.1299203
                  1.6832                        7.126112
               1.6838001                       7.1223268
                  1.6844                       7.1185472
               1.6849999                       7.1147651
                  1.6856                       7.1110045
                  1.6862                       7.1072464
                  1.6868                       7.1034896
                  1.6874                        7.099707
                   1.688                       7.0959528
               1.6886001                       7.0922223
                  1.6892                       7.0885118
               1.6897999                       7.0847838
                  1.6904                       7.0810299
               1.6910001                       7.0773009
                  1.6916                       7.0736188
               1.6921999                       7.0699167
                  1.6928                       7.0662393
                  1.6934                        7.062528
                   1.694                       7.0588791
                  1.6946                       7.0552274
                  1.6952                       7.0515414
               1.6958001                       7.0479224
                  1.6964                       7.0442944
               1.6969999                       7.0406389
                  1.6976                       7.0370403
               1.6982001                       7.0334399
                  1.6988                       7.0298687
               1.6993999                       7.0262991
                     1.7                       7.0227155

