      
                     1.1                       15.171865
               1.1006001                       15.137165
                  1.1012                       15.102633
                  1.1018                       15.068235
               1.1023999                       15.034043
                   1.103                       14.999985
                  1.1036                       14.966106
               1.1041999                       14.932398
                  1.1048                       14.898823
               1.1054001                       14.865427
               1.1059999                       14.832203
               1.1065999                       14.799122
                  1.1072                       14.766209
                  1.1078                       14.733455
                  1.1084                       14.700855
                   1.109                       14.668414
               1.1095999                       14.636114
                  1.1102                       14.603997
                  1.1108                       14.572026
               1.1113999                       14.540222
                   1.112                        14.50855
               1.1126001                       14.477049
               1.1131999                       14.445689
               1.1137999                       14.414486
                  1.1144                       14.383439
                   1.115                       14.352549
                  1.1156                       14.321803
                  1.1162                         14.2912
                  1.1168                       14.260753
               1.1174001                       14.230464
                   1.118                       14.200317
               1.1185999                       14.170329
                  1.1192                       14.140467
               1.1198001                       14.110752
                  1.1204                       14.081193
               1.1209999                       14.051777
                  1.1216                       14.022505
                  1.1222                       13.993389
                  1.1228                       13.964403
                  1.1234                       13.935575
                   1.124                       13.906877
               1.1246001                       13.878322
                  1.1252                       13.849923
               1.1257999                       13.821657
                  1.1264                       13.793506
               1.1270001                       13.765512
                  1.1276                       13.737662
               1.1281999                       13.709929
                  1.1288                       13.682365
                  1.1294                       13.654933
                    1.13                       13.627616
                  1.1306                       13.600443
                  1.1312                       13.573414
               1.1318001                       13.546519
                  1.1324                       13.519748
               1.1329999                       13.493112
                  1.1336                       13.466617
               1.1342001                       13.440242
                  1.1348                       13.413997
               1.1353999                       13.387893
                   1.136                       13.361923
                  1.1366                       13.336067
                  1.1372                       13.310369
                  1.1378                       13.284762
                  1.1384                        13.25931
               1.1390001                       13.233965
                  1.1396                       13.208751
               1.1401999                       13.183681
                  1.1408                       13.158726
               1.1414001                         13.1339
                   1.142                       13.109165
               1.1425999                       13.084592
                  1.1432                       13.060147
                  1.1438                       13.035779
                  1.1444                       13.011567
                   1.145                       12.987473
                  1.1456                       12.963495
               1.1462001                       12.939625
                  1.1468                       12.915898
               1.1473999                       12.892286
                   1.148                        12.86875
               1.1486001                       12.845376
                  1.1492                       12.822064
               1.1497999                       12.798924
                  1.1504                       12.775901
                   1.151                       12.752996
                  1.1516                       12.730138
                  1.1522                       12.707472
                  1.1528                       12.684929
               1.1534001                        12.66241
                   1.154                       12.640028
               1.1545999                       12.617828
                  1.1552                       12.595623
               1.1558001                       12.573655
                  1.1564                       12.551743
               1.1569999                       12.529893
                  1.1576                         12.5082
                  1.1582                       12.486633
                  1.1588                       12.465122
                  1.1594                       12.443744
                    1.16                       12.422454
               1.1606001                       12.401294
                  1.1612                       12.380268
               1.1617999                       12.359276
                  1.1624                       12.338418
               1.1630001                       12.317669
                  1.1636                       12.297039
               1.1641999                       12.276474
                  1.1648                       12.256004
                  1.1654                       12.235606
                   1.166                       12.215366
                  1.1666                       12.195208
                  1.1672                       12.175164
               1.1678001                       12.155168
                  1.1684                       12.135359
               1.1689999                        12.11561
                  1.1696                       12.095896
               1.1702001                       12.076359
                  1.1708                       12.056843
                  1.1714                       12.037442
               1.1720001                       12.018201
                  1.1726                       11.999028
                  1.1732                       11.979878
                  1.1738                       11.960875
                  1.1744                       11.941964
               1.1750001                       11.923118
               1.1756001                       11.904397
               1.1761999                       11.885741
                  1.1768                        11.86719
               1.1774001                         11.8487
                   1.178                       11.830333
                  1.1786                       11.812014
               1.1792001                       11.793812
                  1.1798                       11.775695
                  1.1804                       11.757654
                   1.181                       11.739692
                  1.1816                       11.721836
               1.1822001                       11.704058
               1.1828001                       11.686357
               1.1833999                       11.668733
                   1.184                       11.651196
               1.1846001                       11.633748
                  1.1852                       11.616371
                  1.1858                       11.599088
               1.1864001                       11.581856
                   1.187                       11.564749
                  1.1876                       11.547692
               1.1881999                       11.530726
                  1.1888                       11.513817
               1.1894001                       11.497007
               1.1900001                       11.480277
               1.1905999                        11.46361
                  1.1912                       11.447015
               1.1918001                       11.430512
                  1.1924                       11.414058
                   1.193                        11.39771
               1.1936001                       11.381419
                  1.1942                       11.365207
                  1.1948                       11.349071
               1.1953999                       11.332995
                   1.196                       11.316996
               1.1966001                       11.301081
               1.1971999                       11.285229
               1.1977999                       11.269442
                  1.1984                       11.253721
               1.1990001                       11.238096
                  1.1996                        11.22251
                  1.2002                       11.207009
               1.2007999                       11.191567
                  1.2014                       11.176187
                   1.202                       11.160895
               1.2025999                       11.145665
                  1.2032                       11.130495
               1.2038001                       11.115383
               1.2043999                       11.100336
               1.2049999                       11.085367
                  1.2056                       11.070455
               1.2062001                       11.055629
                  1.2068                       11.040833
                  1.2074                       11.026111
               1.2079999                        11.01146
                  1.2086                       10.996865
                  1.2092                       10.982329
               1.2097999                       10.967863
                  1.2104                       10.953452
               1.2110001                       10.939098
               1.2115999                       10.924817
               1.2121999                       10.910582
                  1.2128                        10.89641
                  1.2134                       10.882302
                   1.214                       10.868246
                  1.2146                       10.854255
               1.2151999                       10.840313
                  1.2158                       10.826429
                  1.2164                       10.812613
               1.2169999                       10.798847
                  1.2176                       10.785122
               1.2182001                       10.771464
               1.2187999                       10.757866
               1.2193999                       10.744315
                    1.22                       10.730818
                  1.2206                       10.717385
                  1.2212                       10.703991
                  1.2218                       10.690665
                  1.2224                       10.677378
                   1.223                       10.664149
                  1.2236                       10.650976
               1.2241999                       10.637851
                  1.2248                       10.624779
               1.2254001                       10.611756
                   1.226                       10.598783
               1.2265999                       10.585868
                  1.2272                        10.57298
                  1.2278                       10.560164
                  1.2284                       10.547383
                   1.229                       10.534658
                  1.2296                       10.521993
               1.2302001                       10.509355
                  1.2308                       10.496778
               1.2313999                       10.484249
                   1.232                       10.471757
               1.2326001                       10.459325
                  1.2332                       10.446927
               1.2337999                       10.434577
                  1.2344                       10.422271
                   1.235                       10.410019
                  1.2356                       10.397806
                  1.2362                       10.385642
                  1.2368                       10.373515
               1.2374001                       10.361436
                   1.238                         10.3494
               1.2385999                       10.337413
                  1.2392                       10.325462
               1.2398001                       10.313561
                  1.2404                       10.301701
               1.2409999                        10.28988
                  1.2416                       10.278095
                  1.2422                       10.266359
                  1.2428                       10.254663
                  1.2434                        10.24301
                   1.244                       10.231396
               1.2446001                       10.219819
                  1.2452                       10.208286
               1.2457999                       10.196797
                  1.2464                        10.18534
               1.2470001                        10.17393
                  1.2476                       10.162554
               1.2481999                       10.151216
                  1.2488                       10.139923
                  1.2494                       10.128662
                    1.25                       10.117443
                  1.2506                       10.106257
                  1.2512                       10.095108
               1.2518001                       10.083999
                  1.2524                       10.072929
               1.2529999                       10.061897
                  1.2536                       10.050899
               1.2542001                       10.039935
                  1.2548                       10.029011
               1.2553999                       10.018121
                   1.256                       10.007263
                  1.2566                        9.996449
                  1.2572                        9.985662
                  1.2578                       9.9749141
                  1.2584                       9.9641996
               1.2590001                       9.9535202
                  1.2596                       9.9428772
               1.2601999                       9.9322621
                  1.2608                       9.9216843
               1.2614001                       9.9111388
                   1.262                       9.9006257
               1.2625999                       9.8901485
                  1.2632                       9.8797026
                  1.2638                       9.8692913
                  1.2644                       9.8589093
                   1.265                       9.8485604
                  1.2656                       9.8382451
               1.2662001                       9.8279627
                  1.2668                        9.817708
               1.2673999                       9.8074855
                   1.268                       9.7972958
               1.2686001                       9.7871351
                  1.2692                       9.7770055
               1.2697999                       9.7669094
                  1.2704                       9.7568413
                   1.271                        9.746803
                  1.2716                       9.7367958
                  1.2722                       9.7268182
                  1.2728                       9.7168714
               1.2734001                       9.7069516
                   1.274                       9.6970619
               1.2745999                       9.6872024
                  1.2752                       9.6773703
               1.2758001                       9.6675681
                  1.2764                       9.6577934
                   1.277                       9.6480472
                  1.2776                       9.6383298
                  1.2782                       9.6286402
                  1.2788                       9.6189785
                  1.2794                       9.6093437
                    1.28                       9.5997374
               1.2806001                       9.5901587
               1.2812001                       9.5806063
               1.2817999                       9.5710815
                  1.2824                       9.5615844
               1.2830001                       9.5521113
                  1.2836                       9.5426659
                  1.2842                       9.5332471
               1.2848001                       9.5238562
                  1.2854                       9.5144903
                   1.286                       9.5051498
                  1.2866                       9.4958352
                  1.2872                       9.4865462
               1.2878001                       9.4772828
               1.2884001                       9.4680446
               1.2889999                       9.4588292
                  1.2896                       9.4496423
               1.2902001                       9.4404781
                  1.2908                       9.4313419
                  1.2914                        9.422225
               1.2920001                       9.4131366
                  1.2926                       9.4040736
                  1.2932                       9.3950322
               1.2937999                       9.3860153
                  1.2944                       9.3770238
               1.2950001                       9.3680537
               1.2956001                       9.3591062
               1.2961999                       9.3501833
                  1.2968                        9.341287
               1.2974001                       9.3324111
                   1.298                       9.3235608
                  1.2986                       9.3147271
               1.2992001                       9.3059209
                  1.2998                       9.2971354
                  1.3004                       9.2883757
               1.3009999                       9.2796359
                  1.3016                       9.2709229
               1.3022001                       9.2622245
               1.3028001                        9.253555
               1.3033999                       9.2449083
                   1.304                       9.2362761
               1.3046001                       9.2276712
                  1.3052                       9.2190847
                  1.3058                       9.2105242
               1.3063999                       9.2019805
                   1.307                       9.1934629
                  1.3076                       9.1849555
               1.3081999                       9.1764795
                  1.3088                       9.1679896
               1.3094001                       9.1595964
               1.3099999                        9.151144
               1.3105999                       9.1428116
                  1.3112                       9.1343622
               1.3118001                       9.1260287
                  1.3124                       9.1176908
                   1.313                       9.1094145
               1.3135999                       9.1011363
                  1.3142                       9.0928039
                  1.3148                       9.0845862
               1.3153999                       9.0763118
                   1.316                       9.0681386
               1.3166001                       9.0599472
               1.3171999                        9.051771
               1.3177999                       9.0436161
                  1.3184                       9.0354809
                   1.319                       9.0273688
                  1.3196                       9.0192697
                  1.3202                       9.0111877
               1.3207999                       9.0031362
                  1.3214                       8.9950908
                   1.322                       8.9870684
               1.3225999                       8.9790643
                  1.3232                       8.9710838
               1.3238001                       8.9631236
               1.3243999                       8.9551758
               1.3249999                       8.9472442
                  1.3256                       8.9393299
                  1.3262                       8.9314372
                  1.3268                       8.9235679
                  1.3274                       8.9157106
               1.3279999                       8.9078778
                  1.3286                        8.900057
                  1.3292                       8.8922577
               1.3297999                       8.8844659
                  1.3304                       8.8767001
               1.3310001                       8.8689507
                  1.3316                       8.8612174
               1.3321999                       8.8535109
                  1.3328                       8.8458173
                  1.3334                       8.8381321
                   1.334                       8.8304753
                  1.3346                       8.8228242
                  1.3352                       8.8151921
               1.3358001                       8.8075959
                  1.3364                       8.8000026
               1.3369999                        8.792422
                  1.3376                       8.7848648
               1.3382001                       8.7773168
                  1.3388                       8.7697903
               1.3393999                       8.7622835
                    1.34                       8.7547896
                  1.3406                       8.7473029
                  1.3412                       8.7398466
                  1.3418                       8.7324046
                  1.3424                       8.7249647
               1.3430001                       8.7175627
                  1.3436                        8.710174
               1.3441999                       8.7027819
                  1.3448                        8.695425
               1.3454001                       8.6880716
                   1.346                        8.680736
               1.3465999                       8.6734323
                  1.3472                       8.6661319
                  1.3478                       8.6588422
                  1.3484                       8.6515681
                   1.349                       8.6443182
                  1.3496                        8.637091
               1.3502001                       8.6298656
                  1.3508                        8.622656
               1.3513999                       8.6154779
                   1.352                       8.6082935
               1.3526001                        8.601137
                  1.3532                       8.5939923
               1.3537999                       8.5868589
                  1.3544                       8.5797399
                   1.355                       8.5726385
                  1.3556                       8.5655619
                  1.3562                       8.5584947
                  1.3568                       8.5514375
               1.3574001                       8.5443967
                   1.358                       8.5373816
               1.3585999                       8.5303673
                  1.3592                       8.5233751
               1.3598001                       8.5163855
                  1.3604                       8.5094297
               1.3609999                       8.5024718
                  1.3616                       8.4955369
                  1.3622                         8.48862
                  1.3628                        8.481716
                  1.3634                       8.4748201
                   1.364                       8.4679395
               1.3646001                       8.4610747
                  1.3652                       8.4542283
               1.3657999                       8.4473913
                  1.3664                       8.4405812
               1.3670001                       8.4337649
                  1.3676                       8.4269732
               1.3681999                       8.4202057
                  1.3688                       8.4134349
                  1.3694                        8.406691
                    1.37                       8.3999553
                  1.3706                       8.3932269
                  1.3712                        8.386533
               1.3718001                       8.3798257
                  1.3724                       8.3731468
               1.3729999                       8.3664954
                  1.3736                       8.3598425
               1.3742001                       8.3532008
                  1.3748                       8.3465746
               1.3753999                       8.3399549
                   1.376                       8.3333669
                  1.3766                       8.3267918
                  1.3772                        8.320224
                  1.3778                       8.3136637
                  1.3784                       8.3071309
               1.3790001                       8.3006004
                  1.3796                       8.2940766
               1.3801999                       8.2875761
                  1.3808                       8.2811057
               1.3814001                       8.2746215
                   1.382                       8.2681634
               1.3825999                       8.2617135
                  1.3832                       8.2552859
                  1.3838                       8.2488748
                  1.3844                       8.2424517
                   1.385                       8.2360604
                  1.3856                       8.2296941
               1.3862001                       8.2233222
               1.3868001                       8.2169749
               1.3873999                       8.2106325
                   1.388                       8.2043047
               1.3886001                       8.1979932
                  1.3892                       8.1916974
                  1.3898                       8.1854118
               1.3904001                       8.1791169
                   1.391                       8.1728748
                  1.3916                       8.1666285
                  1.3922                       8.1603949
                  1.3928                       8.1541649
               1.3934001                       8.1479672
               1.3940001                       8.1417705
               1.3945999                       8.1355915
                  1.3952                       8.1294342
               1.3958001                       8.1232788
                  1.3964                       8.1171327
                   1.397                       8.1109997
               1.3976001                       8.1048603
                  1.3982                       8.0987785
                  1.3988                       8.0926995
               1.3993999                        8.086618
                     1.4                       8.0805409
               1.4006001                       8.0744988
               1.4012001                       8.0684456
               1.4017999                       8.0624196
                  1.4024                       8.0564189
               1.4030001                       8.0504035
                  1.4036                       8.0444213
                  1.4042                       8.0384451
               1.4048001                       8.0324951
                  1.4054                       8.0265368
                   1.406                       8.0205996
               1.4065999                       8.0146782
                  1.4072                       8.0087805
               1.4078001                       8.0028584
               1.4084001                       7.9969886
               1.4089999                       7.9911197
                  1.4096                       7.9852504
               1.4102001                       7.9794189
                  1.4108                       7.9735585
                  1.4114                       7.9677418
               1.4119999                       7.9619249
                  1.4126                       7.9561476
                  1.4132                       7.9503518
               1.4137999                       7.9445741
                  1.4144                       7.9388263
               1.4150001                       7.9330788
               1.4155999                       7.9273274
               1.4161999                       7.9216177
                  1.4168                       7.9158915
               1.4174001                       7.9102008
                   1.418                       7.9045247
                  1.4186                       7.8988417
               1.4191999                       7.8931861
                  1.4198                       7.8875442
                  1.4204                       7.8819186
               1.4209999                       7.8762873
                  1.4216                       7.8706868
               1.4222001                       7.8650806
               1.4227999                       7.8594993
               1.4233999                       7.8539275
                   1.424                       7.8483555
                  1.4246                       7.8427999
                  1.4252                        7.837272
                  1.4258                       7.8317504
               1.4263999                       7.8262328
                   1.427                       7.8207397
                  1.4276                       7.8152624
               1.4281999                       7.8097711
                  1.4288                       7.8043051
               1.4294001                       7.7988669
               1.4299999                       7.7934123
               1.4305999                       7.7879864
                  1.4312                       7.7825864
                  1.4318                       7.7771741
                  1.4324                       7.7717739
                   1.433                       7.7664096
               1.4335999                       7.7610372
                  1.4342                       7.7556866
                  1.4348                       7.7503398
               1.4353999                       7.7450047
                   1.436                       7.7396951
               1.4366001                       7.7343871
                  1.4372                       7.7291024
               1.4377999                       7.7238203
                  1.4384                       7.7185216
                   1.439                       7.7132675
                  1.4396                       7.7080363
                  1.4402                       7.7027916
                  1.4408                       7.6975714
               1.4414001                       7.6923552
                   1.442                       7.6871763
               1.4425999                       7.6819861
                  1.4432                       7.6767938
               1.4438001                       7.6716267
                  1.4444                       7.6664739
               1.4449999                       7.6613482
                  1.4456                       7.6562213
                  1.4462                       7.6510948
                  1.4468                       7.6459682
                  1.4474                        7.640894
                   1.448                       7.6358326
               1.4486001                       7.6307582
                  1.4492                        7.625683
               1.4497999                         7.62061
                  1.4504                       7.6156006
               1.4510001                       7.6105906
                  1.4516                       7.6055696
               1.4521999                       7.6005599
                  1.4528                       7.5955511
                  1.4534                       7.5906587
                   1.454                       7.5856499
                  1.4546                         7.58068
                  1.4552                       7.5757362
               1.4558001                       7.5707787
                  1.4564                       7.5658741
               1.4569999                       7.5609823
                  1.4576                       7.5560254
               1.4582001                       7.5511334
                  1.4588                        7.546294
               1.4593999                       7.5414551
                    1.46                       7.5365624
                  1.4606                       7.5317231
                  1.4612                       7.5268835
                  1.4618                       7.5221087
                  1.4624                       7.5173223
               1.4630001                       7.5124418
                  1.4636                       7.5077087
               1.4641999                       7.5029331
                  1.4648                       7.4981588
               1.4654001                       7.4933844
                   1.466                       7.4886616
               1.4665999                       7.4839275
                  1.4672                       7.4792187
                  1.4678                       7.4744832
                  1.4684                       7.4698253
                   1.469                       7.4651052
                  1.4696                        7.460447
               1.4702001                       7.4557778
                  1.4708                       7.4511202
               1.4713999                       7.4464628
                   1.472                       7.4417934
               1.4726001                       7.4372404
                  1.4732                       7.4325824
               1.4737999                       7.4279789
                  1.4744                       7.4233731
                   1.475                       7.4187693
                  1.4756                       7.4142287
                  1.4762                       7.4096784
                  1.4768                       7.4050714
               1.4774001                       7.4005328
                   1.478                       7.3960446
               1.4785999                        7.391559
                  1.4792                       7.3870048
               1.4798001                       7.3825205
                  1.4804                       7.3780302
               1.4809999                       7.3735451
                  1.4816                       7.3689902
                  1.4822                        7.364621
                  1.4828                          7.3602
                  1.4834                       7.3557102
                   1.484                       7.3512118
               1.4846001                       7.3468548
                  1.4852                       7.3424564
               1.4857999                       7.3380194
                  1.4864                       7.3336384
               1.4870001                       7.3292673
                  1.4876                       7.3248975
               1.4881999                       7.3205417
                  1.4888                       7.3161736
                  1.4894                       7.3118442
                    1.49                       7.3074847
                  1.4906                       7.3031821
                  1.4912                        7.298879
               1.4918001                         7.29456
               1.4924001                       7.2902661
               1.4929999                       7.2859786
                  1.4936                        7.281707
               1.4942001                       7.2774314
                  1.4948                       7.2731776
                  1.4954                       7.2689239
               1.4960001                       7.2646851
                  1.4966                       7.2604525
                  1.4972                       7.2562325
                  1.4978                       7.2520186
                  1.4984                       7.2478022
               1.4990001                       7.2436214
               1.4996001                       7.2394327
               1.5001999                       7.2352683
                  1.5008                       7.2310933
               1.5014001                       7.2269215
                   1.502                       7.2227766
                  1.5026                       7.2186525
               1.5032001                       7.2145256
                  1.5038                       7.2103664
                  1.5044                       7.2062841
                   1.505                        7.202175
                  1.5056                       7.1980762
               1.5062001                       7.1939953
               1.5068001                       7.1899008
               1.5073999                       7.1858302
                   1.508                       7.1817624
               1.5086001                       7.1777029
                  1.5092                       7.1736779
                  1.5098                       7.1696046
               1.5104001                       7.1655888
                   1.511                        7.161568
                  1.5116                       7.1575536
               1.5121999                       7.1535338
                  1.5128                         7.14954
               1.5134001                        7.145549
               1.5140001                       7.1415542
               1.5145999                        7.137599
                  1.5152                       7.1336213
               1.5158001                       7.1296857
                  1.5164                       7.1257248
                   1.517                       7.1217778
               1.5176001                       7.1178142
                  1.5182                        7.113901
                  1.5188                       7.1099934
               1.5193999                       7.1060671
                    1.52                       7.1021904
               1.5206001                       7.0982658
               1.5211999                       7.0943777
               1.5217999                       7.0905023
                  1.5224                       7.0866342
               1.5230001                       7.0827694
                  1.5236                       7.0788876
                  1.5242                       7.0750618
               1.5247999                        7.071192
                  1.5254                       7.0673287
                   1.526                       7.0635184
               1.5265999                       7.0596899
                  1.5272                       7.0558792
               1.5278001                       7.0520699
               1.5283999                       7.0482579
               1.5289999                       7.0444814
                  1.5296                       7.0406756
                  1.5302                       7.0369167
                  1.5308                         7.03313
                  1.5314                       7.0293427
               1.5319999                       7.0255895
                  1.5326                       7.0218353
                  1.5332                        7.018077
               1.5337999                       7.0143167
                  1.5344                       7.0106124
               1.5350001                       7.0068536
               1.5355999                       7.0031281
               1.5361999                       6.9994192
                  1.5368                       6.9957187
                  1.5374                       6.9919916
                   1.538                       6.9883316
                  1.5386                       6.9846048
               1.5391999                       6.9809268
                  1.5398                       6.9772446
                  1.5404                       6.9735865
               1.5409999                        6.969917
                  1.5416                        6.966233
               1.5422001                       6.9625819
               1.5427999                       6.9589597
               1.5433999                       6.9553089
                   1.544                       6.9516531
                  1.5446                       6.9479872
                  1.5452                       6.9443995
                  1.5458                       6.9407727
                  1.5464                       6.9371724
               1.5470001                       6.9335516
                  1.5476                       6.9299659
               1.5481999                       6.9263678
                  1.5488                       6.9227719
               1.5494001                       6.9191913
                    1.55                        6.915584
               1.5505999                       6.9120141
                  1.5512                       6.9084729
                  1.5518                       6.9049226
                  1.5524                       6.9013443
                   1.553                        6.897779
                  1.5536                        6.894203
               1.5542001                       6.8906782
                  1.5548                       6.8871927
               1.5553999                       6.8836121
                   1.556                       6.8800848
               1.5566001                       6.8765594
                  1.5572                       6.8730218
               1.5577999                       6.8695466
                  1.5584                        6.866024
                   1.559                        6.862553
                  1.5596                       6.8590335
                  1.5602                       6.8555438
                  1.5608                       6.8520631
               1.5614001                       6.8485431
                   1.562                       6.8451309
               1.5625999                       6.8416067
                  1.5632                       6.8381324
               1.5638001                       6.8346942
                  1.5644                       6.8312219
               1.5649999                       6.8277818
                  1.5656                       6.8243387
                  1.5662                       6.8208685
                  1.5668                       6.8174227
                  1.5674                       6.8139722
                   1.568                       6.8105867
               1.5686001                       6.8071436
                  1.5692                       6.8037192
               1.5697999                       6.8002978
                  1.5704                       6.7968949
               1.5710001                       6.7934673
                  1.5716                       6.7900531
               1.5721999                       6.7866616
                  1.5728                       6.7832445
                  1.5734                       6.7798861
                   1.574                       6.7764615
                  1.5746                       6.7730889
                  1.5752                       6.7697054
               1.5758001                       6.7663398
                  1.5764                       6.7629231
               1.5769999                       6.7595533
                  1.5776                       6.7561854
               1.5782001                       6.7528501
                  1.5788                       6.7494846
               1.5793999                       6.7461162
                    1.58                       6.7427581
                  1.5806                       6.7394141
                  1.5812                       6.7360479
                  1.5818                       6.7326838
                  1.5824                        6.729428
               1.5830001                       6.7260829
                  1.5836                       6.7227166
               1.5841999                       6.7193263
                  1.5848                        6.716118
               1.5854001                       6.7127498
                   1.586                       6.7093589
               1.5865999                       6.7060998
                  1.5872                       6.7027595
                  1.5878                       6.6994416
                  1.5884                        6.696185
                   1.589                       6.6929534
                  1.5896                       6.6895599
               1.5902001                        6.686267
                  1.5908                       6.6829575
               1.5913999                       6.6796928
                   1.592                       6.6764368
               1.5926001                       6.6731161
                  1.5932                       6.6698353
               1.5937999                       6.6665723
                  1.5944                       6.6633367
                   1.595                       6.6599968
                  1.5956                       6.6567325
                  1.5962                       6.6534758
                  1.5968                       6.6502132
               1.5974001                       6.6470033
                   1.598                       6.6437172
               1.5985999                       6.6404849
                  1.5992                       6.6372246
               1.5998001                        6.633934
                  1.6004                        6.630619
                   1.601                        6.627359
               1.6016001                       6.6242061
                  1.6022                       6.6209447
                  1.6028                       6.6176815
                  1.6034                       6.6144201
                   1.604                       6.6112647
               1.6046001                       6.6079993
               1.6052001                       6.6047398
               1.6057999                        6.601483
                  1.6064                       6.5983457
               1.6070001                       6.5950659
                  1.6076                       6.5918553
                  1.6082                       6.5886165
               1.6088001                       6.5854595
                  1.6094                       6.5822007
                    1.61                       6.5789893
                  1.6106                       6.5757018
                  1.6112                       6.5725193
               1.6118001                       6.5693134
               1.6124001                       6.5661543
               1.6129999                       6.5629193
                  1.6136                       6.5596843
               1.6142001                       6.5564214
                  1.6148                       6.5532657
                  1.6154                       6.5501344
               1.6160001                       6.5469256
                  1.6166                       6.5436665
                  1.6172                        6.540458
               1.6177999                        6.537299
                  1.6184                       6.5340366
               1.6190001                       6.5309073
               1.6196001                       6.5276979
               1.6201999                       6.5245404
                  1.6208                       6.5212801
               1.6214001                       6.5181502
                   1.622                       6.5149672
                  1.6226                       6.5118368
               1.6232001                       6.5085748
                  1.6238                       6.5053925
                  1.6244                       6.5022103
               1.6249999                       6.4990262
                  1.6256                       6.4958676
               1.6262001                       6.4926599
               1.6267999                       6.4895302
               1.6273999                        6.486322
                   1.628                       6.4831113
               1.6286001                        6.479956
                  1.6292                       6.4767731
                  1.6298                       6.4735885
               1.6303999                       6.4704583
                   1.631                       6.4673011
                  1.6316                        6.464144
               1.6321999                       6.4608829
                  1.6328                       6.4577539
               1.6334001                       6.4545948
               1.6339999                       6.4514129
               1.6345999                       6.4482298
                  1.6352                       6.4450993
               1.6358001                       6.4419693
                  1.6364                       6.4388119
                   1.637                       6.4355503
               1.6375999                       6.4323939
                  1.6382                       6.4292627
                  1.6388                       6.4261068
               1.6393999                       6.4229496
                    1.64                       6.4197928
               1.6406001                       6.4166101
               1.6411999                        6.413453
               1.6417999                       6.4102959
                  1.6424                       6.4071656
                   1.643                        6.404009
                  1.6436                       6.4008517
                  1.6442                       6.3976171
               1.6447999                       6.3945118
                  1.6454                       6.3913814
                   1.646                       6.3882247
               1.6465999                       6.3850157
                  1.6472                       6.3818846
               1.6478001                       6.3787286
               1.6483999                       6.3756234
               1.6489999                       6.3724404
                  1.6496                       6.3692577
                  1.6502                       6.3661779
                  1.6508                       6.3629692
                  1.6514                       6.3598395
                   1.652                       6.3566831
                  1.6526                       6.3535264
                  1.6532                       6.3503957
               1.6537999                       6.3472384
                  1.6544                       6.3440822
               1.6550001                       6.3409501
                  1.6556                       6.3378204
               1.6561999                       6.3346897
                  1.6568                       6.3315584
                  1.6574                       6.3284262
                   1.658                       6.3252715
                  1.6586                       6.3221115
                  1.6592                        6.318985
               1.6598001                       6.3158505
                  1.6604                       6.3127225
               1.6609999                       6.3096176
                  1.6616                       6.3064339
               1.6622001                       6.3033306
                  1.6628                       6.3001727
               1.6633999                       6.2970423
                   1.664                       6.2939376
                  1.6646                       6.2908326
                  1.6652                       6.2877029
                  1.6658                       6.2845967
                  1.6664                       6.2814406
               1.6670001                        6.278336
                  1.6676                       6.2752307
               1.6681999                        6.272128
                  1.6688                       6.2689968
               1.6694001                       6.2658635
                    1.67                       6.2628151
               1.6705999                       6.2596799
                  1.6712                       6.2565763
                  1.6718                       6.2534961
                  1.6724                       6.2503916
                   1.673                       6.2473137
                  1.6736                       6.2442367
               1.6742001                       6.2411333
                  1.6748                       6.2380545
               1.6753999                       6.2349753
                   1.676                       6.2319238
               1.6766001                       6.2288218
                  1.6772                       6.2257401
               1.6777999                        6.222661
                  1.6784                       6.2196113
                   1.679                       6.2165624
                  1.6796                       6.2135053
                  1.6802                       6.2104537
                  1.6808                       6.2073989
               1.6814001                       6.2043962
                   1.682                        6.201344
               1.6825999                       6.1982972
                  1.6832                       6.1952676
               1.6838001                       6.1922671
                  1.6844                       6.1892443
               1.6849999                       6.1862159
                  1.6856                       6.1832428
                  1.6862                       6.1802393
                  1.6868                       6.1772649
                  1.6874                       6.1742123
                   1.688                       6.1712934
               1.6886001                       6.1682626
                  1.6892                       6.1653407
               1.6897999                       6.1623665
                  1.6904                       6.1593926
               1.6910001                       6.1564463
                  1.6916                       6.1535247
               1.6921999                       6.1505751
                  1.6928                       6.1476792
                  1.6934                       6.1447292
                   1.694                       6.1418378
                  1.6946                       6.1389146
                  1.6952                       6.1360441
               1.6958001                       6.1331238
                  1.6964                       6.1302797
               1.6969999                       6.1273821
                  1.6976                       6.1245662
               1.6982001                       6.1216964
                  1.6988                       6.1188524
               1.6993999                       6.1160328
                     1.7                       6.1132417

