                     1.1                       12.972472
               1.1006001                       12.943107
                  1.1012                       12.913876
                  1.1018                       12.884771
               1.1023999                       12.855826
                   1.103                       12.827012
                  1.1036                       12.798308
               1.1041999                       12.769755
                  1.1048                       12.741334
               1.1054001                       12.713055
               1.1059999                       12.684901
               1.1065999                       12.656896
                  1.1072                       12.629017
                  1.1078                       12.601262
                  1.1084                       12.573657
                   1.109                       12.546156
               1.1095999                       12.518816
                  1.1102                       12.491566
                  1.1108                       12.464486
               1.1113999                        12.43752
                   1.112                        12.41069
               1.1126001                       12.383987
               1.1131999                       12.357401
               1.1137999                       12.330935
                  1.1144                       12.304635
                   1.115                       12.278429
                  1.1156                       12.252353
                  1.1162                       12.226393
                  1.1168                       12.200591
               1.1174001                       12.174892
                   1.118                       12.149326
               1.1185999                       12.123861
                  1.1192                       12.098542
               1.1198001                       12.073327
                  1.1204                       12.048242
               1.1209999                       12.023286
                  1.1216                        11.99845
                  1.1222                       11.973718
                  1.1228                       11.949116
                  1.1234                        11.92463
                   1.124                       11.900275
               1.1246001                       11.876025
                  1.1252                       11.851881
               1.1257999                       11.827878
                  1.1264                       11.803993
               1.1270001                       11.780199
                  1.1276                       11.756536
               1.1281999                        11.73299
                  1.1288                       11.709549
                  1.1294                       11.686226
                    1.13                       11.663032
                  1.1306                       11.639942
                  1.1312                       11.616944
               1.1318001                        11.59409
                  1.1324                       11.571315
               1.1329999                       11.548683
                  1.1336                       11.526128
               1.1342001                       11.503717
                  1.1348                        11.48141
               1.1353999                       11.459182
                   1.136                       11.437084
                  1.1366                       11.415092
                  1.1372                       11.393202
                  1.1378                       11.371418
                  1.1384                       11.349749
               1.1390001                       11.328187
                  1.1396                       11.306728
               1.1401999                       11.285375
                  1.1408                        11.26411
               1.1414001                       11.242953
                   1.142                       11.221913
               1.1425999                       11.200962
                  1.1432                       11.180119
                  1.1438                       11.159376
                  1.1444                       11.138725
                   1.145                       11.118169
                  1.1456                       11.097739
               1.1462001                       11.077392
                  1.1468                       11.057171
               1.1473999                       11.037005
                   1.148                        11.01702
               1.1486001                       10.997019
                  1.1492                       10.977155
               1.1497999                       10.957391
                  1.1504                       10.937747
                   1.151                       10.918154
                  1.1516                       10.898702
                  1.1522                       10.879346
                  1.1528                       10.860052
               1.1534001                       10.840876
                   1.154                       10.821769
               1.1545999                       10.802763
                  1.1552                       10.783872
               1.1558001                       10.764994
                  1.1564                       10.746279
               1.1569999                       10.727627
                  1.1576                       10.709098
                  1.1582                       10.690628
                  1.1588                       10.672262
                  1.1594                       10.653957
                    1.16                       10.635775
               1.1606001                       10.617642
                  1.1612                        10.59964
               1.1617999                       10.581692
                  1.1624                       10.563792
               1.1630001                       10.546068
                  1.1636                       10.528418
               1.1641999                       10.510808
                  1.1648                       10.493273
                  1.1654                       10.475853
                   1.166                       10.458471
                  1.1666                       10.441163
                  1.1672                       10.424018
               1.1678001                       10.406891
                  1.1684                       10.389868
               1.1689999                       10.372977
                  1.1696                       10.356135
               1.1702001                        10.33928
                  1.1708                       10.322551
                  1.1714                       10.305937
               1.1720001                       10.289449
                  1.1726                       10.272954
                  1.1732                        10.25658
                  1.1738                        10.24026
                  1.1744                       10.223996
               1.1750001                       10.207817
               1.1756001                        10.19172
               1.1761999                       10.175703
                  1.1768                       10.159772
               1.1774001                       10.143916
                   1.178                       10.128113
                  1.1786                       10.112389
               1.1792001                       10.096748
                  1.1798                       10.081166
                  1.1804                       10.065663
                   1.181                        10.05023
                  1.1816                       10.034857
               1.1822001                       10.019575
               1.1828001                       10.004343
               1.1833999                       9.9891897
                   1.184                       9.9740988
               1.1846001                       9.9590857
                  1.1852                       9.9441477
                  1.1858                       9.9292594
               1.1864001                       9.9144582
                   1.187                       9.8997009
                  1.1876                       9.8850164
               1.1881999                       9.8703964
                  1.1888                       9.8558586
               1.1894001                       9.8413729
               1.1900001                       9.8269558
               1.1905999                       9.8125918
                  1.1912                        9.798307
               1.1918001                       9.7840677
                  1.1924                       9.7699061
                   1.193                       9.7558052
               1.1936001                         9.74177
                  1.1942                       9.7277816
                  1.1948                       9.7138778
               1.1953999                       9.7000136
                   1.196                       9.6862111
               1.1966001                       9.6724866
               1.1971999                        9.658815
               1.1977999                       9.6451949
                  1.1984                       9.6316464
               1.1990001                        9.618132
                  1.1996                       9.6047045
                  1.2002                       9.5913167
               1.2007999                       9.5779892
                  1.2014                       9.5647201
                   1.202                       9.5515182
               1.2025999                       9.5383626
                  1.2032                       9.5252643
               1.2038001                       9.5122139
               1.2043999                       9.4992316
               1.2049999                       9.4862929
                  1.2056                       9.4734201
               1.2062001                       9.4605918
                  1.2068                       9.4478341
                  1.2074                       9.4351094
               1.2079999                       9.4224469
                  1.2086                        9.409837
                  1.2092                       9.3972907
               1.2097999                       9.3847702
                  1.2104                       9.3723244
               1.2110001                       9.3599107
               1.2115999                       9.3475637
               1.2121999                       9.3352622
                  1.2128                       9.3230028
                  1.2134                       9.3107991
                   1.214                       9.2986468
                  1.2146                       9.2865454
               1.2151999                       9.2745001
                  1.2158                       9.2624961
                  1.2164                       9.2505284
               1.2169999                       9.2386206
                  1.2176                        9.226774
               1.2182001                       9.2149423
               1.2187999                       9.2031803
               1.2193999                       9.1914741
                    1.22                       9.1797915
                  1.2206                       9.1681698
                  1.2212                       9.1565798
                  1.2218                        9.145048
                  1.2224                       9.1335587
                   1.223                       9.1221023
                  1.2236                       9.1106905
               1.2241999                        9.099333
                  1.2248                       9.0880337
               1.2254001                       9.0767617
                   1.226                       9.0655342
               1.2265999                       9.0543478
                  1.2272                       9.0432104
                  1.2278                        9.032102
                  1.2284                       9.0210575
                   1.229                       9.0100431
                  1.2296                       8.9990654
               1.2302001                         8.98813
                  1.2308                       8.9772396
               1.2313999                       8.9663969
                   1.232                       8.9555805
               1.2326001                       8.9448132
                  1.2332                       8.9340793
               1.2337999                         8.92339
                  1.2344                       8.9127408
                   1.235                        8.902126
                  1.2356                       8.8915503
                  1.2362                       8.8810188
                  1.2368                        8.870527
               1.2374001                       8.8600648
                   1.238                       8.8496373
               1.2385999                       8.8392601
                  1.2392                       8.8289202
               1.2398001                       8.8186055
                  1.2404                       8.8083371
               1.2409999                       8.7981028
                  1.2416                       8.7878983
                  1.2422                       8.7777426
                  1.2428                       8.7676161
                  1.2434                       8.7575197
                   1.244                       8.7474706
               1.2446001                       8.7374393
                  1.2452                       8.7274595
               1.2457999                       8.7175032
                  1.2464                       8.7075927
               1.2470001                       8.6977042
                  1.2476                       8.6878532
               1.2481999                       8.6780381
                  1.2488                       8.6682552
                  1.2494                       8.6585147
                    1.25                       8.6487924
                  1.2506                       8.6391083
                  1.2512                       8.6294591
               1.2518001                       8.6198412
                  1.2524                        8.610251
               1.2529999                       8.6006982
                  1.2536                       8.5911739
               1.2542001                       8.5816868
                  1.2548                       8.5722245
               1.2553999                        8.562795
                   1.256                       8.5533969
                  1.2566                       8.5440312
                  1.2572                       8.5346948
                  1.2578                       8.5253888
                  1.2584                       8.5161083
               1.2590001                       8.5068671
                  1.2596                       8.4976455
               1.2601999                       8.4884613
                  1.2608                       8.4793018
               1.2614001                       8.4701751
                   1.262                        8.461074
               1.2625999                       8.4520023
                  1.2632                       8.4429558
                  1.2638                       8.4339426
                  1.2644                        8.424959
                   1.265                        8.415997
                  1.2656                       8.4070712
               1.2662001                       8.3981657
                  1.2668                         8.38929
               1.2673999                       8.3804445
                   1.268                       8.3716219
               1.2686001                        8.362826
                  1.2692                       8.3540599
               1.2697999                       8.3453179
                  1.2704                       8.3366025
                   1.271                       8.3279164
                  1.2716                        8.319254
                  1.2722                       8.3106171
                  1.2728                       8.3020075
               1.2734001                       8.2934214
                   1.274                       8.2848608
               1.2745999                       8.2763277
                  1.2752                       8.2678219
               1.2758001                       8.2593354
                  1.2764                       8.2508763
                   1.277                       8.2424422
                  1.2776                       8.2340316
                  1.2782                       8.2256447
                  1.2788                       8.2172847
                  1.2794                       8.2089455
                    1.28                       8.2006319
               1.2806001                       8.1923411
               1.2812001                       8.1840747
               1.2817999                       8.1758334
                  1.2824                       8.1676116
               1.2830001                       8.1594161
                  1.2836                       8.1512428
                  1.2842                       8.1430925
               1.2848001                       8.1349647
                  1.2854                       8.1268601
                   1.286                       8.1187773
                  1.2866                       8.1107168
                  1.2872                       8.1026786
               1.2878001                       8.0946633
               1.2884001                       8.0866683
               1.2889999                       8.0786967
                  1.2896                       8.0707469
               1.2902001                       8.0628172
                  1.2908                       8.0549103
                  1.2914                       8.0470238
               1.2920001                       8.0391593
                  1.2926                       8.0313153
                  1.2932                       8.0234925
               1.2937999                       8.0156907
                  1.2944                       8.0079086
               1.2950001                       8.0001481
               1.2956001                        7.992409
               1.2961999                       7.9846882
                  1.2968                       7.9769893
               1.2974001                       7.9693102
                   1.298                       7.9616515
                  1.2986                       7.9540113
               1.2992001                       7.9463925
                  1.2998                       7.9387922
                  1.3004                       7.9312114
               1.3009999                       7.9236509
                  1.3016                       7.9161087
               1.3022001                       7.9085871
               1.3028001                       7.9010847
               1.3033999                       7.8936023
                   1.304                       7.8861376
               1.3046001                       7.8786919
                  1.3052                       7.8712626
                  1.3058                       7.8638547
               1.3063999                       7.8564643
                   1.307                       7.8490961
                  1.3076                        7.841739
               1.3081999                       7.8344066
                  1.3088                        7.827089
               1.3094001                       7.8197876
               1.3099999                       7.8124772
               1.3105999                       7.8051996
                  1.3112                       7.7979731
               1.3118001                       7.7908033
                  1.3124                        7.783576
                   1.313                       7.7763507
               1.3135999                       7.7692376
                  1.3142                       7.7620682
                  1.3148                       7.7549011
               1.3153999                       7.7477891
                   1.316                       7.7406762
               1.3166001                        7.733587
               1.3171999                       7.7265111
               1.3177999                       7.7194586
                  1.3184                       7.7124198
                   1.319                        7.705401
                  1.3196                       7.6983969
                  1.3202                       7.6914063
               1.3207999                       7.6844341
                  1.3214                       7.6774816
                   1.322                       7.6705421
               1.3225999                       7.6636183
                  1.3232                       7.6567101
               1.3238001                        7.649818
               1.3243999                       7.6429546
               1.3249999                       7.6360914
                  1.3256                       7.6292489
                  1.3262                       7.6224196
                  1.3268                        7.615617
                  1.3274                       7.6088146
               1.3279999                       7.6020333
                  1.3286                       7.5952733
                  1.3292                       7.5885219
               1.3297999                       7.5817867
                  1.3304                       7.5750713
               1.3310001                       7.5683678
                  1.3316                       7.5616784
               1.3321999                       7.5550134
                  1.3328                       7.5483536
                  1.3334                        7.541716
                   1.334                       7.5350865
                  1.3346                       7.5284733
                  1.3352                       7.5218731
               1.3358001                       7.5152865
                  1.3364                       7.5087233
               1.3369999                       7.5021699
                  1.3376                       7.4956312
               1.3382001                       7.4891089
                  1.3388                       7.4825996
               1.3393999                       7.4761028
                    1.34                       7.4696226
                  1.3406                       7.4631567
                  1.3412                       7.4567039
                  1.3418                       7.4502663
                  1.3424                       7.4438425
               1.3430001                       7.4374352
                  1.3436                       7.4310411
               1.3441999                       7.4246536
                  1.3448                       7.4182806
               1.3454001                       7.4119296
                   1.346                       7.4055938
               1.3465999                       7.3992592
                  1.3472                       7.3929565
                  1.3478                       7.3866509
                  1.3484                       7.3803745
                   1.349                       7.3741088
                  1.3496                       7.3678428
               1.3502001                       7.3615991
                  1.3508                       7.3553645
               1.3513999                       7.3491542
                   1.352                        7.342948
               1.3526001                       7.3367467
                  1.3532                       7.3305727
               1.3537999                         7.32441
                  1.3544                       7.3182608
                   1.355                       7.3121218
                  1.3556                       7.3060049
                  1.3562                       7.2998865
                  1.3568                       7.2937791
               1.3574001                       7.2877106
                   1.358                        7.281626
               1.3585999                       7.2755702
                  1.3592                       7.2695298
               1.3598001                        7.263494
                  1.3604                       7.2574711
               1.3609999                       7.2514512
                  1.3616                       7.2454654
                  1.3622                        7.239486
                  1.3628                       7.2335068
                  1.3634                       7.2275486
                   1.364                       7.2216119
               1.3646001                       7.2156742
                  1.3652                       7.2097646
               1.3657999                       7.2038587
                  1.3664                       7.1979584
               1.3670001                       7.1920789
                  1.3676                       7.1862097
               1.3681999                       7.1803515
                  1.3688                       7.1744979
                  1.3694                       7.1686564
                    1.37                       7.1628486
                  1.3706                       7.1570458
                  1.3712                       7.1512381
               1.3718001                       7.1454592
                  1.3724                       7.1396865
               1.3729999                       7.1339288
                  1.3736                       7.1281797
               1.3742001                       7.1224394
                  1.3748                       7.1167155
               1.3753999                        7.111014
                   1.376                       7.1053049
                  1.3766                       7.0996105
                  1.3772                       7.0939454
                  1.3778                       7.0882944
                  1.3784                       7.0826289
               1.3790001                       7.0769901
                  1.3796                       7.0713682
               1.3801999                        7.065753
                  1.3808                       7.0601351
               1.3814001                       7.0545549
                   1.382                       7.0489707
               1.3825999                       7.0433959
                  1.3832                       7.0378511
                  1.3838                       7.0322919
                  1.3844                       7.0267627
                   1.385                       7.0212389
                  1.3856                       7.0157167
               1.3862001                       7.0102279
               1.3868001                        7.004747
               1.3873999                       6.9992611
                   1.388                       6.9937925
               1.3886001                       6.9883446
                  1.3892                        6.982902
                  1.3898                       6.9774702
               1.3904001                        6.972048
                   1.391                        6.966654
                  1.3916                       6.9612418
                  1.3922                       6.9558622
                  1.3928                       6.9504808
               1.3934001                       6.9451243
               1.3940001                       6.9397654
               1.3945999                       6.9344381
                  1.3952                       6.9291079
               1.3958001                       6.9237778
                  1.3964                       6.9184837
                   1.397                       6.9131883
               1.3976001                       6.9078974
                  1.3982                       6.9026122
                  1.3988                        6.897372
               1.3993999                       6.8921054
                     1.4                       6.8868685
               1.4006001                        6.881648
               1.4012001                       6.8764375
               1.4017999                       6.8712239
                  1.4024                       6.8660322
               1.4030001                       6.8608581
                  1.4036                       6.8556771
                  1.4042                       6.8505123
               1.4048001                       6.8453659
                  1.4054                        6.840223
                   1.406                       6.8350981
               1.4065999                       6.8299701
                  1.4072                       6.8248548
               1.4078001                        6.819774
               1.4084001                       6.8146791
               1.4089999                       6.8096101
                  1.4096                        6.804548
               1.4102001                       6.7994817
                  1.4108                       6.7944355
                  1.4114                       6.7894284
               1.4119999                       6.7843895
                  1.4126                       6.7793803
                  1.4132                       6.7743855
               1.4137999                       6.7693896
                  1.4144                       6.7644192
               1.4150001                       6.7594349
               1.4155999                        6.754483
               1.4161999                        6.749555
                  1.4168                       6.7446207
               1.4174001                       6.7396843
                   1.418                       6.7347851
                  1.4186                        6.729875
               1.4191999                        6.724985
                  1.4198                       6.7200977
                  1.4204                       6.7152186
               1.4209999                       6.7103639
                  1.4216                       6.7055133
               1.4222001                       6.7006714
               1.4227999                        6.695845
               1.4233999                       6.6910292
                   1.424                       6.6862049
                  1.4246                       6.6814174
                  1.4252                       6.6766416
                  1.4258                       6.6718434
               1.4263999                       6.6670825
                   1.427                       6.6623361
                  1.4276                       6.6575806
               1.4281999                       6.6528516
                  1.4288                       6.6481265
               1.4294001                       6.6434014
               1.4299999                       6.6387069
               1.4305999                       6.6340265
                  1.4312                       6.6293155
                  1.4318                       6.6246583
                  1.4324                       6.6200021
                   1.433                       6.6153435
               1.4335999                       6.6107029
                  1.4342                       6.6060605
                  1.4348                       6.6014246
               1.4353999                       6.5968377
                   1.436                        6.592229
               1.4366001                       6.5876268
                  1.4372                       6.5830746
               1.4377999                       6.5784702
                  1.4384                       6.5739034
                   1.439                       6.5693796
                  1.4396                       6.5648258
                  1.4402                       6.5602863
                  1.4408                        6.555773
               1.4414001                       6.5512729
                   1.442                       6.5467722
               1.4425999                       6.5422667
                  1.4432                        6.537809
               1.4438001                       6.5333215
                  1.4444                       6.5288594
               1.4449999                       6.5244127
                  1.4456                       6.5199762
                  1.4462                       6.5155414
                  1.4468                       6.5111591
                  1.4474                       6.5066965
                   1.448                        6.502327
               1.4486001                       6.4979051
                  1.4492                       6.4935853
               1.4497999                        6.489153
                  1.4504                       6.4847822
               1.4510001                       6.4804762
                  1.4516                       6.4760953
               1.4521999                       6.4717891
                  1.4528                       6.4674718
                  1.4534                       6.4631545
                   1.454                        6.458837
                  1.4546                       6.4545953
                  1.4552                       6.4502773
               1.4558001                       6.4460254
                  1.4564                       6.4417205
               1.4569999                       6.4374552
                  1.4576                       6.4332033
               1.4582001                       6.4289368
                  1.4588                       6.4247501
               1.4593999                       6.4205498
                    1.46                        6.416349
                  1.4606                       6.4120966
                  1.4612                        6.407908
                  1.4618                       6.4037608
                  1.4624                       6.3995743
               1.4630001                       6.3954255
                  1.4636                         6.39129
               1.4641999                       6.3871553
                  1.4648                       6.3830201
               1.4654001                       6.3788713
                   1.466                       6.3747366
               1.4665999                       6.3706665
                  1.4672                        6.366583
                  1.4678                       6.3625004
                  1.4684                       6.3584173
                   1.469                       6.3543477
                  1.4696                       6.3502515
               1.4702001                       6.3462339
                  1.4708                       6.3422158
               1.4713999                       6.3381983
                   1.472                       6.3341153
               1.4726001                        6.330149
                  1.4732                       6.3261325
               1.4737999                       6.3221139
                  1.4744                       6.3181351
                   1.475                       6.3141174
                  1.4756                       6.3101649
                  1.4762                       6.3062001
                  1.4768                       6.3022983
               1.4774001                       6.2983341
                   1.478                       6.2944338
               1.4785999                       6.2904548
                  1.4792                       6.2865545
               1.4798001                       6.2826541
                  1.4804                       6.2788051
               1.4809999                       6.2749042
                  1.4816                       6.2709917
                  1.4822                       6.2671563
                  1.4828                        6.263243
                  1.4834                       6.2594484
                   1.484                       6.2555992
               1.4846001                       6.2517103
                  1.4852                       6.2478892
               1.4857999                       6.2440658
                  1.4864                       6.2402451
               1.4870001                       6.2364632
                  1.4876                       6.2326526
               1.4881999                       6.2288693
                  1.4888                       6.2251135
                  1.4894                       6.2213308
                    1.49                       6.2175617
                  1.4906                       6.2138161
                  1.4912                       6.2100732
               1.4918001                       6.2063429
               1.4924001                         6.20261
               1.4929999                       6.1988942
                  1.4936                       6.1951749
               1.4942001                       6.1914704
                  1.4948                        6.187795
                  1.4954                       6.1841166
               1.4960001                        6.180438
                  1.4966                       6.1767435
                  1.4972                       6.1730922
                  1.4978                       6.1694398
                  1.4984                       6.1658144
               1.4990001                       6.1621744
               1.4996001                       6.1585198
               1.5001999                        6.154905
                  1.5008                       6.1512973
               1.5014001                       6.1476814
                   1.502                       6.1440805
                  1.5026                       6.1404968
               1.5032001                       6.1369069
                  1.5038                       6.1333173
                  1.5044                       6.1297682
                   1.505                       6.1262113
                  1.5056                       6.1226468
               1.5062001                       6.1191109
               1.5068001                       6.1155906
               1.5073999                       6.1120384
                   1.508                       6.1085338
               1.5086001                       6.1050099
                  1.5092                       6.1014927
                  1.5098                       6.0979934
               1.5104001                       6.0944991
                   1.511                        6.091015
                  1.5116                       6.0875313
               1.5121999                       6.0840868
                  1.5128                       6.0806045
               1.5134001                       6.0771466
               1.5140001                       6.0737006
               1.5145999                       6.0702591
                  1.5152                       6.0668155
               1.5158001                       6.0634019
                  1.5164                       6.0599509
                   1.517                       6.0565508
               1.5176001                       6.0531576
                  1.5182                       6.0497423
                  1.5188                       6.0463664
               1.5193999                       6.0429614
                    1.52                       6.0395689
               1.5206001                       6.0362141
               1.5211999                        6.032833
               1.5217999                       6.0294715
                  1.5224                       6.0261474
               1.5230001                       6.0227902
                  1.5236                       6.0194491
                  1.5242                       6.0161119
               1.5247999                       6.0127964
                  1.5254                       6.0094875
                   1.526                       6.0061727
               1.5265999                       6.0028583
                  1.5272                       5.9995432
               1.5278001                       5.9962539
               1.5283999                       5.9929729
               1.5289999                       5.9896817
                  1.5296                       5.9864207
                  1.5302                       5.9831348
                  1.5308                       5.9798798
                  1.5314                        5.976612
               1.5319999                       5.9733774
                  1.5326                       5.9701101
                  1.5332                       5.9668779
               1.5337999                       5.9636674
                  1.5344                       5.9604095
               1.5350001                       5.9571962
               1.5355999                       5.9540195
               1.5361999                       5.9507817
                  1.5368                       5.9475709
                  1.5374                       5.9443835
                   1.538                       5.9412099
                  1.5386                       5.9379941
               1.5391999                        5.934817
                  1.5398                       5.9316367
                  1.5404                       5.9284765
               1.5409999                        5.925345
                  1.5416                       5.9221676
               1.5422001                       5.9190043
               1.5427999                       5.9158836
               1.5433999                       5.9127253
                   1.544                       5.9095921
                  1.5446                        5.906456
                  1.5452                       5.9033228
                  1.5458                       5.9001958
                  1.5464                       5.8971182
               1.5470001                       5.8939856
                  1.5476                       5.8908572
               1.5481999                       5.8877796
                  1.5488                       5.8847008
               1.5494001                       5.8815908
                    1.55                       5.8785173
               1.5505999                       5.8754094
                  1.5512                       5.8723841
                  1.5518                       5.8692788
                  1.5524                       5.8662292
                   1.553                       5.8631748
                  1.5536                       5.8601012
               1.5542001                       5.8570693
                  1.5548                       5.8540259
               1.5553999                       5.8509956
                   1.556                       5.8479634
               1.5566001                        5.844883
                  1.5572                       5.8418608
               1.5577999                       5.8388874
                  1.5584                       5.8358328
                   1.559                       5.8328398
                  1.5596                       5.8298303
                  1.5602                        5.826803
                  1.5608                       5.8237776
               1.5614001                       5.8208313
                   1.562                       5.8178071
               1.5625999                       5.8148018
                  1.5632                        5.811829
               1.5638001                        5.808865
                  1.5644                       5.8058822
               1.5649999                        5.802931
                  1.5656                       5.7999643
                  1.5662                       5.7970112
                  1.5668                       5.7940369
                  1.5674                       5.7911261
                   1.568                       5.7881622
               1.5686001                       5.7851872
                  1.5692                       5.7822501
               1.5697999                       5.7793195
                  1.5704                       5.7763484
               1.5710001                       5.7734248
                  1.5716                       5.7705287
               1.5721999                       5.7675918
                  1.5728                       5.7646602
                  1.5734                        5.761741
                   1.574                       5.7588454
                  1.5746                       5.7559394
                  1.5752                        5.753028
               1.5758001                       5.7501284
                  1.5764                       5.7472349
               1.5769999                       5.7443449
                  1.5776                       5.7414145
               1.5782001                       5.7385245
                  1.5788                       5.7356478
               1.5793999                       5.7327546
                    1.58                       5.7298794
                  1.5806                        5.727015
                  1.5812                       5.7241742
                  1.5818                        5.721265
                  1.5824                       5.7184037
               1.5830001                       5.7155364
                  1.5836                       5.7126649
               1.5841999                          5.7098
                  1.5848                       5.7069791
               1.5854001                       5.7040789
                   1.586                       5.7012688
               1.5865999                       5.6983683
                  1.5872                       5.6955795
                  1.5878                       5.6927572
                  1.5884                       5.6898327
                   1.589                       5.6870498
                  1.5896                       5.6842524
               1.5902001                       5.6814191
                  1.5908                       5.6785948
               1.5913999                       5.6756954
                   1.592                       5.6729598
               1.5926001                       5.6701685
                  1.5932                        5.667321
               1.5937999                       5.6645058
                  1.5944                       5.6616397
                   1.595                       5.6588661
                  1.5956                       5.6560474
                  1.5962                         5.65321
                  1.5968                       5.6503972
               1.5974001                       5.6476468
                   1.598                       5.6448555
               1.5985999                       5.6420657
                  1.5992                       5.6392724
               1.5998001                       5.6364566
                  1.6004                       5.6336691
                   1.601                       5.6308754
               1.6016001                       5.6280837
                  1.6022                       5.6253202
                  1.6028                       5.6225555
                  1.6034                       5.6198095
                   1.604                       5.6169999
               1.6046001                        5.614203
               1.6052001                       5.6114647
               1.6057999                       5.6086745
                  1.6064                       5.6059335
               1.6070001                       5.6031214
                  1.6076                       5.6003205
                  1.6082                        5.597638
               1.6088001                       5.5948469
                  1.6094                       5.5921299
                    1.61                       5.5893956
                  1.6106                        5.586571
                  1.6112                       5.5838355
               1.6118001                       5.5810251
               1.6124001                       5.5783564
               1.6129999                        5.575542
                  1.6136                       5.5728831
               1.6142001                        5.570063
                  1.6148                       5.5672643
                  1.6154                       5.5646067
               1.6160001                       5.5618692
                  1.6166                       5.5591758
                  1.6172                        5.556388
               1.6177999                       5.5537069
                  1.6184                       5.5509614
               1.6190001                       5.5482252
               1.6196001                       5.5454829
               1.6201999                       5.5426921
                  1.6208                       5.5400043
               1.6214001                       5.5373155
                   1.622                       5.5346074
                  1.6226                       5.5317863
               1.6232001                       5.5291276
                  1.6238                       5.5264421
                  1.6244                        5.523753
               1.6249999                       5.5209595
                  1.6256                       5.5183247
               1.6262001                        5.515585
               1.6267999                       5.5128471
               1.6273999                       5.5101616
                   1.628                       5.5074201
               1.6286001                       5.5047592
                  1.6292                       5.5020747
                  1.6298                       5.4993859
               1.6303999                       5.4966461
                   1.631                       5.4939586
                  1.6316                       5.4912195
               1.6321999                       5.4885576
                  1.6328                       5.4858962
               1.6334001                       5.4831848
               1.6339999                       5.4804961
               1.6345999                       5.4778368
                  1.6352                       5.4751226
               1.6358001                        5.472461
                  1.6364                       5.4697231
                   1.637                       5.4670325
               1.6375999                       5.4643986
                  1.6382                       5.4617381
                  1.6388                       5.4589984
               1.6393999                       5.4563638
                    1.64                       5.4537028
               1.6406001                       5.4509896
               1.6411999                       5.4483285
               1.6417999                       5.4456401
                  1.6424                       5.4430838
                   1.643                       5.4403438
                  1.6436                       5.4376572
                  1.6442                       5.4349697
               1.6447999                        5.432283
                  1.6454                       5.4297498
                   1.646                       5.4270388
               1.6465999                       5.4244301
                  1.6472                       5.4217429
               1.6478001                       5.4191336
               1.6483999                       5.4164462
               1.6489999                       5.4137856
                  1.6496                       5.4112021
                  1.6502                       5.4085414
                  1.6508                       5.4059064
                  1.6514                        5.403219
                   1.652                       5.4006363
                  1.6526                       5.3979753
                  1.6532                       5.3953663
               1.6537999                       5.3927573
                  1.6544                       5.3901221
               1.6550001                       5.3875133
                  1.6556                       5.3849043
               1.6561999                       5.3822433
                  1.6568                       5.3796344
                  1.6574                       5.3770521
                   1.658                       5.3744426
                  1.6586                       5.3718077
                  1.6592                       5.3691988
               1.6598001                       5.3665898
                  1.6604                       5.3640069
               1.6609999                       5.3614244
                  1.6616                       5.3588412
               1.6622001                       5.3562322
                  1.6628                       5.3536232
               1.6633999                       5.3510927
                   1.664                       5.3484831
                  1.6646                       5.3459012
                  1.6652                        5.343344
                  1.6658                       5.3407615
                  1.6664                       5.3382309
               1.6670001                       5.3356487
                  1.6676                       5.3330912
               1.6681999                       5.3305082
                  1.6688                       5.3279768
               1.6694001                       5.3254474
                    1.67                       5.3228905
               1.6705999                       5.3203333
                  1.6712                       5.3178013
                  1.6718                       5.3152449
                  1.6724                       5.3127406
                   1.673                       5.3102108
                  1.6736                       5.3076805
               1.6742001                       5.3051754
                  1.6748                       5.3026693
               1.6753999                       5.3001391
                   1.676                        5.297662
               1.6766001                       5.2951836
                  1.6772                       5.2926784
               1.6777999                       5.2902015
                  1.6784                       5.2876944
                   1.679                       5.2852171
                  1.6796                       5.2827397
                  1.6802                       5.2802877
                  1.6808                       5.2778075
               1.6814001                       5.2753792
                   1.682                       5.2729262
               1.6825999                       5.2704516
                  1.6832                       5.2680239
               1.6838001                       5.2655708
                  1.6844                       5.2631725
               1.6849999                       5.2607447
                  1.6856                       5.2583202
                  1.6862                       5.2559178
                  1.6868                        5.253519
                  1.6874                       5.2511156
                   1.688                       5.2487445
               1.6886001                       5.2463453
                  1.6892                       5.2439433
               1.6897999                       5.2415666
                  1.6904                       5.2392249
               1.6910001                       5.2368444
                  1.6916                       5.2345254
               1.6921999                       5.2321515
                  1.6928                       5.2298288
                  1.6934                        5.227508
                   1.694                       5.2251855
                  1.6946                       5.2228617
                  1.6952                       5.2205402
               1.6958001                       5.2182451
                  1.6964                       5.2159729
               1.6969999                       5.2136798
                  1.6976                       5.2114084
               1.6982001                       5.2091377
                  1.6988                       5.2068713
               1.6993999                       5.2046308
                     1.7                       5.2023843