   
                     1.1                       8.8277787
               1.1006001                       8.8081982
                  1.1012                       8.7886752
                  1.1018                       8.7692383
               1.1023999                       8.7498757
                   1.103                       8.7306219
                  1.1036                       8.7114545
               1.1041999                         8.69236
                  1.1048                       8.6733429
               1.1054001                       8.6544458
               1.1059999                       8.6356313
               1.1065999                       8.6168862
                  1.1072                       8.5982478
                  1.1078                       8.5796652
                  1.1084                       8.5611964
                   1.109                       8.5427935
               1.1095999                       8.5245037
                  1.1102                        8.506263
                  1.1108                       8.4881181
               1.1113999                       8.4700672
                   1.112                       8.4520945
               1.1126001                       8.4341947
               1.1131999                       8.4163741
               1.1137999                       8.3986647
                  1.1144                       8.3810282
                   1.115                       8.3634521
                  1.1156                       8.3459763
                  1.1162                       8.3285832
                  1.1168                       8.3112481
               1.1174001                       8.2940036
                   1.118                       8.2768365
               1.1185999                       8.2597761
                  1.1192                       8.2427652
               1.1198001                       8.2258458
                  1.1204                       8.2090176
               1.1209999                       8.1922394
                  1.1216                       8.1755595
                  1.1222                       8.1589349
                  1.1228                       8.1423986
                  1.1234                       8.1259595
                   1.124                       8.1095889
               1.1246001                       8.0932844
                  1.1252                        8.077056
               1.1257999                       8.0609082
                  1.1264                       8.0448365
               1.1270001                       8.0288189
                  1.1276                       8.0129023
               1.1281999                       7.9970408
                  1.1288                       7.9812806
                  1.1294                       7.9655634
                    1.13                       7.9499498
                  1.1306                       7.9343864
                  1.1312                        7.918904
               1.1318001                       7.9034713
                  1.1324                       7.8881446
               1.1329999                       7.8728685
                  1.1336                       7.8576707
               1.1342001                       7.8425516
                  1.1348                       7.8274848
               1.1353999                       7.8124966
                   1.136                       7.7975744
                  1.1366                       7.7827291
                  1.1372                       7.7679372
                  1.1378                       7.7532488
                  1.1384                       7.7386122
               1.1390001                        7.724015
                  1.1396                       7.7095088
               1.1401999                       7.6950685
                  1.1408                       7.6807066
               1.1414001                       7.6663965
                   1.142                       7.6521516
               1.1425999                       7.6379853
                  1.1432                       7.6238836
                  1.1438                       7.6098478
                  1.1444                       7.5958508
                   1.145                       7.5819318
                  1.1456                       7.5681176
               1.1462001                       7.5543164
                  1.1468                       7.5405929
               1.1473999                       7.5269619
                   1.148                       7.5133168
               1.1486001                       7.4998018
                  1.1492                       7.4863403
               1.1497999                       7.4729319
                  1.1504                        7.459586
                   1.151                       7.4462937
                  1.1516                         7.43308
                  1.1522                       7.4198907
                  1.1528                        7.406847
               1.1534001                       7.3937885
                   1.154                       7.3807827
               1.1545999                       7.3679074
                  1.1552                       7.3550187
               1.1558001                       7.3422082
                  1.1564                        7.329439
               1.1569999                       7.3167995
                  1.1576                       7.3041443
                  1.1582                       7.2915579
                  1.1588                       7.2790725
                  1.1594                        7.266603
                    1.16                       7.2541966
               1.1606001                       7.2418968
                  1.1612                       7.2295404
               1.1617999                       7.2173579
                  1.1624                       7.2051747
               1.1630001                       7.1930412
                  1.1636                       7.1809262
               1.1641999                       7.1689751
                  1.1648                       7.1569751
                  1.1654                       7.1450771
                   1.166                       7.1331936
                  1.1666                       7.1214289
                  1.1672                       7.1097161
               1.1678001                       7.0979993
                  1.1684                       7.0863401
               1.1689999                       7.0747272
                  1.1696                       7.0631958
               1.1702001                       7.0517038
                  1.1708                       7.0402887
                  1.1714                       7.0289305
               1.1720001                       7.0176169
                  1.1726                       7.0063046
                  1.1732                       6.9950624
                  1.1738                       6.9838729
                  1.1744                       6.9727436
               1.1750001                       6.9616567
               1.1756001                       6.9505977
               1.1761999                       6.9396231
                  1.1768                       6.9286778
               1.1774001                       6.9177754
                   1.178                       6.9069321
                  1.1786                       6.8960901
               1.1792001                        6.885397
                  1.1798                        6.874685
                  1.1804                        6.864021
                   1.181                       6.8533982
                  1.1816                       6.8428323
               1.1822001                       6.8323189
               1.1828001                        6.821847
               1.1833999                       6.8114082
                   1.184                       6.8010234
               1.1846001                       6.7906946
                  1.1852                       6.7804028
                  1.1858                       6.7701381
               1.1864001                       6.7599344
                   1.187                         6.74976
                  1.1876                       6.7396458
               1.1881999                       6.7295639
                  1.1888                       6.7195196
               1.1894001                       6.7095286
               1.1900001                       6.6995974
               1.1905999                       6.6896732
                  1.1912                       6.6798093
               1.1918001                       6.6699866
                  1.1924                       6.6602018
                   1.193                       6.6504649
               1.1936001                       6.6407644
                  1.1942                          6.6311
                  1.1948                       6.6214913
               1.1953999                       6.6118983
                   1.196                       6.6023641
               1.1966001                       6.5928532
               1.1971999                       6.5834045
               1.1977999                       6.5739815
                  1.1984                       6.5645955
               1.1990001                       6.5552364
                  1.1996                       6.5459438
                  1.2002                       6.5366736
               1.2007999                       6.5274469
                  1.2014                       6.5182476
                   1.202                        6.509086
               1.2025999                       6.4999745
                  1.2032                       6.4908909
               1.2038001                       6.4818568
               1.2043999                       6.4728426
               1.2049999                       6.4638702
                  1.2056                       6.4549431
               1.2062001                       6.4460331
                  1.2068                       6.4371732
                  1.2074                       6.4283454
               1.2079999                        6.419546
                  1.2086                       6.4107891
                  1.2092                       6.4020817
               1.2097999                       6.3933807
                  1.2104                        6.384719
               1.2110001                       6.3761077
               1.2115999                       6.3675121
               1.2121999                       6.3589598
                  1.2128                       6.3504444
                  1.2134                       6.3419557
                   1.214                       6.3335098
                  1.2146                       6.3250798
               1.2151999                       6.3167006
                  1.2158                       6.3083348
                  1.2164                       6.3000229
               1.2169999                        6.291731
                  1.2176                       6.2834724
               1.2182001                        6.275236
               1.2187999                       6.2670489
               1.2193999                       6.2588832
                    1.22                       6.2507503
                  1.2206                        6.242659
                  1.2212                       6.2345809
                  1.2218                       6.2265243
                  1.2224                       6.2185332
                   1.223                       6.2105529
                  1.2236                       6.2025945
               1.2241999                       6.1946673
                  1.2248                       6.1867793
               1.2254001                       6.1789199
                   1.226                       6.1710934
               1.2265999                       6.1632841
                  1.2272                         6.15551
                  1.2278                       6.1477659
                  1.2284                       6.1400403
                   1.229                       6.1323618
                  1.2296                       6.1246993
               1.2302001                       6.1170579
                  1.2308                         6.10946
               1.2313999                       6.1018853
                   1.232                       6.0943239
               1.2326001                       6.0868027
                  1.2332                       6.0793018
               1.2337999                       6.0718359
                  1.2344                       6.0644056
                   1.235                       6.0569845
                  1.2356                       6.0495842
                  1.2362                       6.0422233
                  1.2368                       6.0348906
               1.2374001                       6.0275713
                   1.238                       6.0202846
               1.2385999                       6.0130187
                  1.2392                       6.0057995
               1.2398001                       5.9985737
                  1.2404                        5.991397
               1.2409999                       5.9842376
                  1.2416                       5.9770924
                  1.2422                       5.9699987
                  1.2428                       5.9629091
                  1.2434                       5.9558512
                   1.244                       5.9488154
               1.2446001                       5.9417913
                  1.2452                       5.9348023
               1.2457999                       5.9278418
                  1.2464                       5.9209012
               1.2470001                       5.9139769
                  1.2476                       5.9070973
               1.2481999                       5.9002147
                  1.2488                       5.8933671
                  1.2494                       5.8865401
                    1.25                       5.8797364
                  1.2506                       5.8729578
                  1.2512                       5.8661948
               1.2518001                       5.8594586
                  1.2524                       5.8527474
               1.2529999                       5.8460468
                  1.2536                       5.8393787
               1.2542001                       5.8327312
                  1.2548                       5.8260979
               1.2553999                       5.8194976
                   1.256                       5.8129125
                  1.2566                       5.8063505
                  1.2572                       5.7998051
                  1.2578                       5.7932786
                  1.2584                       5.7867843
               1.2590001                       5.7803039
                  1.2596                       5.7738517
               1.2601999                       5.7674035
                  1.2608                       5.7609902
               1.2614001                       5.7545914
                   1.262                       5.7482144
               1.2625999                        5.741858
                  1.2632                       5.7355136
                  1.2638                       5.7291925
                  1.2644                       5.7228976
                   1.265                       5.7166162
                  1.2656                       5.7103577
               1.2662001                       5.7041099
                  1.2668                       5.6978917
               1.2673999                       5.6916839
                   1.268                       5.6855028
               1.2686001                       5.6793369
                  1.2692                       5.6731919
               1.2697999                       5.6670541
                  1.2704                       5.6609473
                   1.271                       5.6548529
                  1.2716                       5.6487821
                  1.2722                       5.6427217
                  1.2728                       5.6366804
               1.2734001                       5.6306701
                   1.274                       5.6246627
               1.2745999                       5.6186778
                  1.2752                       5.6127092
               1.2758001                       5.6067563
                  1.2764                       5.6008261
                   1.277                       5.5949128
                  1.2776                       5.5890088
                  1.2782                       5.5831332
                  1.2788                       5.5772719
                  1.2794                       5.5714211
                    1.28                       5.5655884
               1.2806001                       5.5597733
               1.2812001                       5.5539759
               1.2817999                       5.5481901
                  1.2824                       5.5424276
               1.2830001                       5.5366794
                  1.2836                       5.5309484
                  1.2842                       5.5252325
               1.2848001                       5.5195292
                  1.2854                       5.5138421
                   1.286                       5.5081731
                  1.2866                        5.502521
                  1.2872                       5.4968841
               1.2878001                        5.491258
               1.2884001                       5.4856522
               1.2889999                       5.4800637
                  1.2896                       5.4744853
               1.2902001                       5.4689216
                  1.2908                       5.4633755
                  1.2914                       5.4578435
               1.2920001                       5.4523283
                  1.2926                       5.4468246
                  1.2932                       5.4413367
               1.2937999                       5.4358662
                  1.2944                       5.4304082
               1.2950001                       5.4249634
               1.2956001                       5.4195349
               1.2961999                        5.414121
                  1.2968                       5.4087195
               1.2974001                       5.4033317
                   1.298                       5.3979607
                  1.2986                       5.3926019
               1.2992001                       5.3872565
                  1.2998                       5.3819273
                  1.3004                         5.37661
               1.3009999                       5.3713071
                  1.3016                       5.3660165
               1.3022001                       5.3607404
               1.3028001                       5.3554792
               1.3033999                       5.3502304
                   1.304                       5.3449947
               1.3046001                       5.3397724
                  1.3052                       5.3345632
                  1.3058                       5.3293671
               1.3063999                       5.3241837
                   1.307                       5.3190136
                  1.3076                       5.3138571
               1.3081999                       5.3087128
                  1.3088                       5.3035812
               1.3094001                        5.298463
               1.3099999                       5.2933569
               1.3105999                       5.2882634
                  1.3112                       5.2831835
               1.3118001                       5.2781153
                  1.3124                        5.273058
                   1.313                       5.2680156
               1.3135999                       5.2629846
                  1.3142                       5.2579778
                  1.3148                       5.2529649
               1.3153999                       5.2478953
                   1.316                       5.2429824
               1.3166001                       5.2380119
               1.3171999                       5.2330527
               1.3177999                        5.228108
                  1.3184                       5.2231724
                   1.319                        5.218248
                  1.3196                       5.2133365
                  1.3202                       5.2084394
               1.3207999                       5.2035512
                  1.3214                       5.1986736
                   1.322                       5.1938081
               1.3225999                       5.1889554
                  1.3232                       5.1841162
               1.3238001                       5.1792859
               1.3243999                       5.1744642
               1.3249999                       5.1696548
                  1.3256                        5.164861
                  1.3262                       5.1600739
                  1.3268                       5.1552978
                  1.3274                       5.1505367
               1.3279999                       5.1457803
                  1.3286                       5.1410424
                  1.3292                       5.1363081
               1.3297999                         5.13159
                  1.3304                        5.126881
               1.3310001                       5.1221848
                  1.3316                       5.1174962
               1.3321999                       5.1128189
                  1.3328                       5.1081549
                  1.3334                       5.1035007
                   1.334                       5.0988551
                  1.3346                        5.094226
                  1.3352                       5.0895999
               1.3358001                       5.0849845
                  1.3364                       5.0803792
               1.3369999                       5.0757897
                  1.3376                       5.0712075
               1.3382001                       5.0666342
                  1.3388                       5.0620736
               1.3393999                       5.0575222
                    1.34                       5.0529808
                  1.3406                       5.0484471
                  1.3412                       5.0439309
                  1.3418                       5.0394148
                  1.3424                       5.0349159
               1.3430001                       5.0304262
                  1.3436                       5.0259361
               1.3441999                       5.0214735
                  1.3448                       5.0170146
               1.3454001                       5.0125666
                   1.346                       5.0081174
               1.3465999                        5.003687
                  1.3472                       4.9992641
                  1.3478                       4.9948468
                  1.3484                       4.9904436
                   1.349                       4.9860538
                  1.3496                       4.9816679
               1.3502001                       4.9772973
                  1.3508                       4.9729322
               1.3513999                       4.9685697
                   1.352                       4.9642326
               1.3526001                         4.95989
                  1.3532                       4.9555616
               1.3537999                       4.9512457
                  1.3544                       4.9469406
                   1.355                       4.9426373
                  1.3556                       4.9383473
                  1.3562                       4.9340707
                  1.3568                       4.9298029
               1.3574001                       4.9255411
                   1.358                       4.9212825
               1.3585999                        4.917037
                  1.3592                       4.9128027
               1.3598001                       4.9085865
                  1.3604                       4.9043602
               1.3609999                       4.9001485
                  1.3616                       4.8959573
                  1.3622                       4.8917658
                  1.3628                       4.8875844
                  1.3634                       4.8834107
                   1.364                       4.8792471
               1.3646001                       4.8750891
                  1.3652                       4.8709521
               1.3657999                       4.8668121
                  1.3664                       4.8626915
               1.3670001                       4.8585668
                  1.3676                       4.8544567
               1.3681999                       4.8503601
                  1.3688                       4.8462664
                  1.3694                       4.8421693
                    1.37                       4.8381031
                  1.3706                       4.8340393
                  1.3712                       4.8299683
               1.3718001                       4.8259265
                  1.3724                       4.8218848
               1.3729999                       4.8178512
                  1.3736                       4.8138157
               1.3742001                       4.8098089
                  1.3748                       4.8058062
               1.3753999                       4.8018047
                   1.376                        4.797821
                  1.3766                       4.7938281
                  1.3772                       4.7898579
                  1.3778                       4.7859045
                  1.3784                       4.7819332
               1.3790001                        4.777987
                  1.3796                        4.774042
               1.3801999                       4.7701138
                  1.3808                       4.7661863
               1.3814001                       4.7622686
                   1.382                       4.7583657
               1.3825999                       4.7544618
                  1.3832                       4.7505697
                  1.3838                        4.746684
                  1.3844                       4.7428136
                   1.385                       4.7389537
                  1.3856                       4.7350719
               1.3862001                       4.7312367
               1.3868001                       4.7273873
               1.3873999                       4.7235515
                   1.388                       4.7197304
               1.3886001                       4.7159182
                  1.3892                       4.7121004
                  1.3898                       4.7083053
               1.3904001                       4.7045041
                   1.391                       4.7007115
                  1.3916                       4.6969338
                  1.3922                       4.6931737
                  1.3928                          4.6894
               1.3934001                       4.6856532
               1.3940001                       4.6818959
               1.3945999                       4.6781692
                  1.3952                       4.6744219
               1.3958001                       4.6707052
                  1.3964                       4.6669714
                   1.397                       4.6632715
               1.3976001                       4.6595636
                  1.3982                       4.6558797
                  1.3988                       4.6521915
               1.3993999                       4.6485126
                     1.4                       4.6448469
               1.4006001                       4.6411898
               1.4012001                       4.6375221
               1.4017999                       4.6338716
                  1.4024                       4.6302376
               1.4030001                       4.6266105
                  1.4036                       4.6229762
                  1.4042                       4.6193562
               1.4048001                       4.6157565
                  1.4054                       4.6121394
                   1.406                       4.6085451
               1.4065999                       4.6049686
                  1.4072                       4.6013975
               1.4078001                       4.5978061
               1.4084001                       4.5942551
               1.4089999                       4.5907029
                  1.4096                       4.5871382
               1.4102001                       4.5835853
                  1.4108                        4.580062
                  1.4114                       4.5765337
               1.4119999                       4.5730093
                  1.4126                       4.5695012
                  1.4132                       4.5659942
               1.4137999                       4.5624918
                  1.4144                       4.5590046
               1.4150001                       4.5555199
               1.4155999                       4.5520442
               1.4161999                       4.5485586
                  1.4168                       4.5451205
               1.4174001                       4.5416577
                   1.418                       4.5382102
                  1.4186                       4.5347656
               1.4191999                       4.5313372
                  1.4198                       4.5279084
                  1.4204                       4.5244921
               1.4209999                       4.5210783
                  1.4216                       4.5176655
               1.4222001                       4.5142724
               1.4227999                       4.5108888
               1.4233999                       4.5074973
                   1.424                         4.50413
                  1.4246                       4.5007548
                  1.4252                       4.4973887
                  1.4258                       4.4940357
               1.4263999                       4.4906949
                   1.427                       4.4873522
                  1.4276                       4.4840104
               1.4281999                       4.4806898
                  1.4288                       4.4773599
               1.4294001                       4.4740475
               1.4299999                       4.4707561
               1.4305999                       4.4674561
                  1.4312                       4.4641564
                  1.4318                       4.4608865
                  1.4324                       4.4575981
                   1.433                       4.4543203
               1.4335999                       4.4510612
                  1.4342                       4.4477984
                  1.4348                       4.4445483
               1.4353999                       4.4413021
                   1.436                       4.4380822
               1.4366001                       4.4348306
                  1.4372                       4.4316109
               1.4377999                       4.4283879
                  1.4384                       4.4251932
                   1.439                       4.4219857
                  1.4396                        4.418797
                  1.4402                       4.4155922
                  1.4408                       4.4124261
               1.4414001                       4.4092394
                   1.442                       4.4060568
               1.4425999                        4.402902
                  1.4432                       4.3997566
               1.4438001                       4.3965982
                  1.4444                       4.3934563
               1.4449999                       4.3903246
                  1.4456                       4.3871939
                  1.4462                       4.3840612
                  1.4468                       4.3809693
                  1.4474                       4.3778561
                   1.448                       4.3747353
               1.4486001                       4.3716448
                  1.4492                       4.3685658
               1.4497999                       4.3654886
                  1.4504                       4.3624067
               1.4510001                       4.3593585
                  1.4516                       4.3562161
               1.4521999                       4.3531717
                  1.4528                       4.3502115
                  1.4534                       4.3470531
                   1.454                       4.3440959
                  1.4546                       4.3410487
                  1.4552                       4.3379645
               1.4558001                       4.3350041
                  1.4564                       4.3320125
               1.4569999                        4.328933
                  1.4576                       4.3259637
               1.4582001                       4.3230523
                  1.4588                       4.3199617
               1.4593999                       4.3170409
                    1.46                       4.3140632
                  1.4606                       4.3111559
                  1.4612                       4.3080779
                  1.4618                       4.3051534
                  1.4624                       4.3022318
               1.4630001                       4.2993252
                  1.4636                       4.2964007
               1.4641999                        4.293494
                  1.4648                       4.2904688
               1.4654001                       4.2875444
                   1.466                       4.2846374
               1.4665999                       4.2817268
                  1.4672                       4.2788165
                  1.4678                       4.2760116
                  1.4684                       4.2731024
                   1.469                       4.2702478
                  1.4696                       4.2673264
               1.4702001                       4.2645354
                  1.4708                       4.2616119
               1.4713999                       4.2587065
                   1.472                       4.2558977
               1.4726001                        4.252989
                  1.4732                       4.2502519
               1.4737999                       4.2474457
                  1.4744                       4.2445376
                   1.475                       4.2417447
                  1.4756                        4.238942
                  1.4762                       4.2360834
                  1.4768                       4.2332923
               1.4774001                        4.230489
                   1.478                       4.2278142
               1.4785999                       4.2250094
                  1.4792                       4.2221529
               1.4798001                       4.2194777
                  1.4804                       4.2166215
               1.4809999                       4.2139475
                  1.4816                       4.2112085
                  1.4822                       4.2083371
                  1.4828                       4.2056108
                  1.4834                        4.202858
                   1.484                       4.2001334
               1.4846001                       4.1974454
                  1.4852                       4.1947193
               1.4857999                        4.192005
                  1.4864                       4.1892933
               1.4870001                       4.1866044
                  1.4876                       4.1839046
               1.4881999                       4.1812049
                  1.4888                       4.1785302
                  1.4894                       4.1758565
                    1.49                       4.1731955
                  1.4906                       4.1705213
                  1.4912                       4.1678732
               1.4918001                        4.165199
               1.4924001                       4.1625508
               1.4929999                       4.1599159
                  1.4936                       4.1572548
               1.4942001                       4.1546327
                  1.4948                       4.1520105
                  1.4954                        4.149389
               1.4960001                        4.146767
                  1.4966                       4.1441574
                  1.4972                       4.1415488
                  1.4978                       4.1389403
                  1.4984                       4.1363571
               1.4990001                        4.133748
               1.4996001                       4.1311783
               1.5001999                       4.1285961
                  1.5008                       4.1260261
               1.5014001                       4.1234557
                   1.502                       4.1208992
                  1.5026                       4.1183426
               1.5032001                       4.1157847
                  1.5038                       4.1132415
                  1.5044                       4.1106982
                   1.505                        4.108168
                  1.5056                       4.1056371
               1.5062001                       4.1031074
               1.5068001                       4.1005877
               1.5073999                        4.098071
                   1.508                       4.0955407
               1.5086001                       4.0930627
                  1.5092                        4.090558
                  1.5098                       4.0880663
               1.5104001                       4.0855873
                   1.511                       4.0830801
                  1.5116                       4.0806163
               1.5121999                       4.0781395
                  1.5128                       4.0756736
               1.5134001                       4.0732071
               1.5140001                       4.0707303
               1.5145999                       4.0682904
                  1.5152                       4.0658506
               1.5158001                       4.0633981
                  1.5164                       4.0609601
                   1.517                       4.0585333
               1.5176001                       4.0561074
                  1.5182                       4.0536784
                  1.5188                       4.0512551
               1.5193999                       4.0488261
                    1.52                       4.0464269
               1.5206001                       4.0439994
               1.5211999                       4.0416269
               1.5217999                       4.0392271
                  1.5224                       4.0368501
               1.5230001                       4.0344374
                  1.5236                       4.0320645
                  1.5242                       4.0296935
               1.5247999                       4.0273144
                  1.5254                       4.0249415
                   1.526                       4.0225825
               1.5265999                       4.0202309
                  1.5272                       4.0178715
               1.5278001                       4.0155259
               1.5283999                       4.0131759
               1.5289999                       4.0108429
                  1.5296                       4.0085116
                  1.5302                       4.0061675
                  1.5308                        4.003833
                  1.5314                        4.001529
               1.5319999                       3.9992081
                  1.5326                       3.9968814
                  1.5332                       3.9945702
               1.5337999                       3.9922775
                  1.5344                       3.9899825
               1.5350001                        3.987685
               1.5355999                         3.98539
               1.5361999                       3.9830915
                  1.5368                       3.9808091
                  1.5374                       3.9785284
                   1.538                       3.9762571
                  1.5386                       3.9739784
               1.5391999                       3.9717184
                  1.5398                       3.9694456
                  1.5404                       3.9672067
               1.5409999                       3.9649365
                  1.5416                       3.9626821
               1.5422001                       3.9604375
               1.5427999                       3.9582019
               1.5433999                       3.9559589
                   1.544                       3.9537184
                  1.5446                       3.9515018
                  1.5452                       3.9492829
                  1.5458                       3.9470574
                  1.5464                       3.9448233
               1.5470001                       3.9426034
                  1.5476                       3.9404002
               1.5481999                       3.9381933
                  1.5488                       3.9359767
               1.5494001                       3.9337878
                    1.55                        3.931592
               1.5505999                        3.929406
                  1.5512                       3.9272097
                  1.5518                         3.92502
                  1.5524                       3.9228284
                   1.553                       3.9206667
                  1.5536                       3.9184732
               1.5542001                       3.9163056
                  1.5548                       3.9141384
               1.5553999                       3.9119977
                   1.556                       3.9098356
               1.5566001                       3.9076498
                  1.5572                       3.9055299
               1.5577999                       3.9033627
                  1.5584                       3.9012261
                   1.559                       3.8990616
                  1.5596                       3.8969227
                  1.5602                       3.8947779
                  1.5608                       3.8926382
               1.5614001                       3.8905307
                   1.562                       3.8883947
               1.5625999                       3.8862812
                  1.5632                       3.8841678
               1.5638001                        3.882022
                  1.5644                       3.8799118
               1.5649999                       3.8777963
                  1.5656                       3.8756822
                  1.5662                       3.8735944
                  1.5668                       3.8714859
                  1.5674                       3.8693964
                   1.568                       3.8673076
               1.5686001                       3.8652047
                  1.5692                       3.8631019
               1.5697999                       3.8610175
                  1.5704                       3.8589403
               1.5710001                       3.8568407
                  1.5716                       3.8547824
               1.5721999                        3.852671
                  1.5728                       3.8506214
                  1.5734                       3.8485536
                   1.574                       3.8464582
                  1.5746                        3.844432
                  1.5752                        3.842348
               1.5758001                        3.840309
                  1.5764                       3.8382516
               1.5769999                       3.8361862
                  1.5776                       3.8340947
               1.5782001                       3.8320895
                  1.5788                       3.8300256
               1.5793999                       3.8279973
                    1.58                       3.8259609
                  1.5806                        3.823931
                  1.5812                       3.8218943
                  1.5818                       3.8198314
                  1.5824                       3.8178206
               1.5830001                       3.8157836
                  1.5836                         3.81378
               1.5841999                       3.8117404
                  1.5848                       3.8097017
               1.5854001                       3.8076684
                   1.586                       3.8056632
               1.5865999                       3.8036818
                  1.5872                       3.8016174
                  1.5878                       3.7996407
                  1.5884                       3.7976223
                   1.589                       3.7956176
                  1.5896                       3.7936126
               1.5902001                       3.7915976
                  1.5908                        3.789619
               1.5913999                       3.7875793
                   1.592                       3.7855981
               1.5926001                       3.7836156
                  1.5932                       3.7815997
               1.5937999                       3.7796465
                  1.5944                       3.7776636
                   1.595                       3.7756882
                  1.5956                       3.7737013
                  1.5962                       3.7717212
                  1.5968                       3.7697611
               1.5974001                       3.7678269
                   1.598                        3.765824
               1.5985999                       3.7637814
                  1.5992                       3.7618546
               1.5998001                       3.7598934
                  1.6004                       3.7579741
                   1.601                       3.7559341
               1.6016001                       3.7539557
                  1.6022                       3.7520743
                  1.6028                       3.7500402
                  1.6034                       3.7480571
                   1.604                       3.7462022
               1.6046001                       3.7442185
               1.6052001                       3.7422095
               1.6057999                       3.7403571
                  1.6064                       3.7383783
               1.6070001                       3.7363933
                  1.6076                       3.7345366
                  1.6082                       3.7325568
               1.6088001                       3.7305652
                  1.6094                       3.7286988
                    1.61                        3.726739
                  1.6106                       3.7247354
                  1.6112                       3.7228825
               1.6118001                       3.7209733
               1.6124001                       3.7189966
               1.6129999                       3.7171138
                  1.6136                       3.7152413
               1.6142001                       3.7132499
                  1.6148                       3.7113501
                  1.6154                       3.7094218
               1.6160001                       3.7074289
                  1.6166                       3.7055905
                  1.6172                       3.7037047
               1.6177999                       3.7017211
                  1.6184                        3.699866
               1.6190001                       3.6979074
               1.6196001                       3.6959606
               1.6201999                       3.6940786
                  1.6208                       3.6922274
               1.6214001                       3.6903485
                   1.622                       3.6884424
                  1.6226                       3.6864314
               1.6232001                       3.6845801
                  1.6238                       3.6827259
                  1.6244                       3.6807918
               1.6249999                       3.6789206
                  1.6256                       3.6770692
               1.6262001                       3.6751343
               1.6267999                       3.6732828
               1.6273999                       3.6714062
                   1.628                       3.6694982
               1.6286001                       3.6676236
                  1.6292                        3.665744
                  1.6298                       3.6638881
               1.6303999                       3.6620385
                   1.631                       3.6601602
                  1.6316                       3.6582321
               1.6321999                        3.656374
                  1.6328                       3.6545244
               1.6334001                       3.6526478
               1.6339999                       3.6508501
               1.6345999                       3.6489695
                  1.6352                       3.6471165
               1.6358001                       3.6452603
                  1.6364                       3.6433876
                   1.637                       3.6415337
               1.6375999                       3.6396262
                  1.6382                       3.6378006
                  1.6388                       3.6360263
               1.6393999                         3.63417
                    1.64                       3.6323181
               1.6406001                       3.6304471
               1.6411999                       3.6285648
               1.6417999                       3.6268183
                  1.6424                       3.6249411
                   1.643                       3.6231669
                  1.6436                       3.6212858
                  1.6442                       3.6194642
               1.6447999                       3.6176895
                  1.6454                       3.6158052
                   1.646                       3.6140595
               1.6465999                       3.6122093
                  1.6472                       3.6103848
               1.6478001                       3.6085328
               1.6483999                       3.6067028
               1.6489999                       3.6049796
                  1.6496                       3.6031003
                  1.6502                       3.6013562
                  1.6508                       3.5995004
                  1.6514                       3.5977545
                   1.652                       3.5959282
                  1.6526                       3.5941292
                  1.6532                       3.5923501
               1.6537999                       3.5905275
                  1.6544                       3.5887816
               1.6550001                       3.5870367
                  1.6556                       3.5852071
               1.6561999                       3.5834563
                  1.6568                       3.5816582
                  1.6574                       3.5798581
                   1.658                       3.5781349
                  1.6586                        3.576362
                  1.6592                       3.5746152
               1.6598001                       3.5728386
                  1.6604                       3.5710643
               1.6609999                        3.569371
                  1.6616                       3.5675982
               1.6622001                       3.5658196
                  1.6628                       3.5640973
               1.6633999                       3.5623776
                   1.664                       3.5606017
                  1.6646                       3.5588836
                  1.6652                       3.5571599
                  1.6658                       3.5554363
                  1.6664                       3.5537162
               1.6670001                       3.5519932
                  1.6676                       3.5502711
               1.6681999                       3.5485769
                  1.6688                       3.5468531
               1.6694001                       3.5451554
                    1.67                       3.5434367
               1.6705999                       3.5417668
                  1.6712                       3.5400186
                  1.6718                       3.5383479
                  1.6724                       3.5366798
                   1.673                       3.5349563
                  1.6736                        3.533313
               1.6742001                        3.531618
                  1.6748                       3.5299483
               1.6753999                       3.5282785
                   1.676                       3.5266347
               1.6766001                       3.5249379
                  1.6772                       3.5233221
               1.6777999                       3.5216505
                  1.6784                       3.5199807
                   1.679                       3.5183377
                  1.6796                       3.5167209
                  1.6802                       3.5150763
                  1.6808                       3.5134598
               1.6814001                       3.5118164
                   1.682                       3.5102248
               1.6825999                       3.5085815
                  1.6832                       3.5069632
               1.6838001                       3.5053455
                  1.6844                       3.5037541
               1.6849999                       3.5021372
                  1.6856                       3.5005717
                  1.6862                       3.4989799
                  1.6868                       3.4973621
                  1.6874                       3.4958227
                   1.688                       3.4942316
               1.6886001                       3.4926664
                  1.6892                       3.4911272
               1.6897999                       3.4895356
                  1.6904                       3.4879963
               1.6910001                       3.4864311
                  1.6916                       3.4849178
               1.6921999                       3.4833264
                  1.6928                       3.4818394
                  1.6934                       3.4802737
                   1.694                       3.4787348
                  1.6946                       3.4772474
                  1.6952                       3.4757341
               1.6958001                       3.4741954
                  1.6964                       3.4726818
               1.6969999                       3.4711953
                  1.6976                       3.4696819
               1.6982001                       3.4682203
                  1.6988                       3.4667596
               1.6993999                       3.4652449
                     1.7                       3.4637861

