     
                     1.1                       19.867666
               1.1006001                       19.821252
                  1.1012                       19.775088
                  1.1018                       19.729156
               1.1023999                       19.683462
                   1.103                       19.638001
                  1.1036                       19.592763
               1.1041999                       19.547744
                  1.1048                       19.502989
               1.1054001                       19.458413
               1.1059999                       19.414102
               1.1065999                        19.37001
                  1.1072                       19.326142
                  1.1078                       19.282481
                  1.1084                       19.239055
                   1.109                       19.195851
               1.1095999                        19.15288
                  1.1102                       19.110122
                  1.1108                       19.067581
               1.1113999                       19.025252
                   1.112                       18.983145
               1.1126001                       18.941285
               1.1131999                       18.899591
               1.1137999                       18.858149
                  1.1144                       18.816904
                   1.115                       18.775889
                  1.1156                       18.735073
                  1.1162                       18.694478
                  1.1168                       18.654078
               1.1174001                       18.613914
                   1.118                       18.573932
               1.1185999                       18.534171
                  1.1192                        18.49462
               1.1198001                       18.455277
                  1.1204                       18.416144
               1.1209999                       18.377206
                  1.1216                       18.338487
                  1.1222                       18.299939
                  1.1228                       18.261627
                  1.1234                       18.223501
                   1.124                       18.185578
               1.1246001                       18.147853
                  1.1252                       18.110323
               1.1257999                       18.073002
                  1.1264                       18.035864
               1.1270001                       17.998907
                  1.1276                       17.962175
               1.1281999                       17.925638
                  1.1288                        17.88928
                  1.1294                       17.853107
                    1.13                       17.817157
                  1.1306                       17.781375
                  1.1312                       17.745777
               1.1318001                       17.710385
                  1.1324                        17.67518
               1.1329999                       17.640139
                  1.1336                       17.605281
               1.1342001                       17.570626
                  1.1348                       17.536177
               1.1353999                       17.501884
                   1.136                       17.467768
                  1.1366                       17.433848
                  1.1372                       17.400104
                  1.1378                       17.366527
                  1.1384                       17.333157
               1.1390001                       17.299922
                  1.1396                       17.266889
               1.1401999                       17.234048
                  1.1408                       17.201355
               1.1414001                       17.168844
                   1.142                       17.136494
               1.1425999                       17.104353
                  1.1432                       17.072361
                  1.1438                       17.040528
                  1.1444                       17.008865
                   1.145                       16.977394
                  1.1456                       16.946069
               1.1462001                       16.914923
                  1.1468                       16.883924
               1.1473999                       16.853165
                   1.148                       16.822447
               1.1486001                       16.792012
                  1.1492                       16.761594
               1.1497999                       16.731457
                  1.1504                       16.701493
                   1.151                       16.671596
                  1.1516                       16.641879
                  1.1522                       16.612322
                  1.1528                       16.582888
               1.1534001                       16.553694
                   1.154                       16.524728
               1.1545999                         16.4957
                  1.1552                       16.466962
               1.1558001                        16.43841
                  1.1564                       16.409848
               1.1569999                        16.38152
                  1.1576                       16.353365
                  1.1582                       16.325384
                  1.1588                       16.297527
                  1.1594                       16.269849
                    1.16                       16.242214
               1.1606001                       16.214762
                  1.1612                       16.187494
               1.1617999                       16.160385
                  1.1624                       16.133287
               1.1630001                       16.106427
                  1.1636                       16.079719
               1.1641999                       16.053083
                  1.1648                       16.026737
                  1.1654                       16.000402
                   1.166                       15.974232
                  1.1666                       15.948174
                  1.1672                       15.922233
               1.1678001                        15.89647
                  1.1684                       15.870841
               1.1689999                       15.845298
                  1.1696                       15.819946
               1.1702001                       15.794712
                  1.1708                       15.769652
                  1.1714                       15.744595
               1.1720001                       15.719807
                  1.1726                       15.695024
                  1.1732                       15.670398
                  1.1738                       15.645909
                  1.1744                       15.621553
               1.1750001                       15.597312
               1.1756001                       15.573201
               1.1761999                       15.549208
                  1.1768                       15.525337
               1.1774001                       15.501577
                   1.178                       15.477948
                  1.1786                       15.454426
               1.1792001                       15.431024
                  1.1798                       15.407745
                  1.1804                        15.38457
                   1.181                       15.361516
                  1.1816                       15.338586
               1.1822001                       15.315753
               1.1828001                       15.293032
               1.1833999                       15.270435
                   1.184                       15.247934
               1.1846001                       15.225559
                  1.1852                       15.203296
                  1.1858                       15.181125
               1.1864001                       15.159067
                   1.187                       15.137119
                  1.1876                       15.115261
               1.1881999                       15.093526
                  1.1888                         15.0719
               1.1894001                       15.050366
               1.1900001                       15.028932
               1.1905999                       15.007608
                  1.1912                       14.986383
               1.1918001                       14.965252
                  1.1924                       14.944243
                   1.193                       14.923298
               1.1936001                       14.902483
                  1.1942                       14.881745
                  1.1948                       14.861116
               1.1953999                       14.840572
                   1.196                       14.820135
               1.1966001                        14.79979
               1.1971999                        14.77954
               1.1977999                       14.759378
                  1.1984                       14.739306
               1.1990001                       14.719334
                  1.1996                       14.699442
                  1.2002                       14.679655
               1.2007999                       14.659938
                  1.2014                        14.64032
                   1.202                       14.620792
               1.2025999                       14.601359
                  1.2032                        14.58201
               1.2038001                       14.562732
               1.2043999                        14.54355
               1.2049999                       14.524456
                  1.2056                       14.505455
               1.2062001                       14.486527
                  1.2068                       14.467674
                  1.2074                       14.448914
               1.2079999                       14.430223
                  1.2086                       14.411624
                  1.2092                       14.393103
               1.2097999                       14.374667
                  1.2104                       14.356309
               1.2110001                       14.338019
               1.2115999                       14.319818
               1.2121999                       14.301686
                  1.2128                       14.283644
                  1.2134                       14.265667
                   1.214                       14.247769
                  1.2146                       14.229945
               1.2151999                       14.212192
                  1.2158                       14.194519
                  1.2164                       14.176916
               1.2169999                       14.159385
                  1.2176                       14.141928
               1.2182001                       14.124541
               1.2187999                       14.107227
               1.2193999                       14.089983
                    1.22                       14.072808
                  1.2206                       14.055701
                  1.2212                       14.038664
                  1.2218                       14.021695
                  1.2224                       14.004794
                   1.223                       13.987959
                  1.2236                       13.971198
               1.2241999                       13.954492
                  1.2248                       13.937854
               1.2254001                       13.921287
                   1.226                       13.904779
               1.2265999                       13.888343
                  1.2272                       13.871963
                  1.2278                       13.855647
                  1.2284                       13.839399
                   1.229                       13.823205
                  1.2296                       13.807075
               1.2302001                       13.791012
                  1.2308                       13.775008
               1.2313999                       13.759061
                   1.232                       13.743173
               1.2326001                       13.727351
                  1.2332                       13.711584
               1.2337999                       13.695873
                  1.2344                       13.680226
                   1.235                       13.664631
                  1.2356                       13.649095
                  1.2362                       13.633612
                  1.2368                       13.618193
               1.2374001                       13.602827
                   1.238                       13.587511
               1.2385999                       13.572261
                  1.2392                       13.557056
               1.2398001                       13.541909
                  1.2404                       13.526816
               1.2409999                       13.511772
                  1.2416                        13.49679
                  1.2422                       13.481853
                  1.2428                       13.466971
                  1.2434                       13.452141
                   1.244                       13.437362
               1.2446001                       13.422637
                  1.2452                       13.407959
               1.2457999                       13.393332
                  1.2464                       13.378757
               1.2470001                       13.364228
                  1.2476                       13.349755
               1.2481999                       13.335325
                  1.2488                       13.320944
                  1.2494                       13.306613
                    1.25                       13.292329
                  1.2506                       13.278096
                  1.2512                       13.263906
               1.2518001                       13.249764
                  1.2524                       13.235668
               1.2529999                       13.221619
                  1.2536                       13.207618
               1.2542001                       13.193659
                  1.2548                       13.179746
               1.2553999                       13.165881
                   1.256                       13.152057
                  1.2566                       13.138279
                  1.2572                       13.124546
                  1.2578                       13.110855
                  1.2584                       13.097209
               1.2590001                       13.083605
                  1.2596                       13.070044
               1.2601999                       13.056526
                  1.2608                        13.04305
               1.2614001                       13.029615
                   1.262                       13.016223
               1.2625999                       13.002873
                  1.2632                       12.989563
                  1.2638                       12.976294
                  1.2644                       12.963066
                   1.265                       12.949879
                  1.2656                       12.936731
               1.2662001                       12.923623
                  1.2668                       12.910554
               1.2673999                       12.897526
                   1.268                       12.884538
               1.2686001                       12.871586
                  1.2692                       12.858672
               1.2697999                       12.845798
                  1.2704                       12.832962
                   1.271                       12.820163
                  1.2716                       12.807402
                  1.2722                       12.794681
                  1.2728                       12.781992
               1.2734001                       12.769345
                   1.274                        12.75673
               1.2745999                       12.744155
                  1.2752                       12.731614
               1.2758001                       12.719109
                  1.2764                       12.706641
                   1.277                       12.694207
                  1.2776                        12.68181
                  1.2782                       12.669447
                  1.2788                       12.657119
                  1.2794                       12.644827
                    1.28                       12.632568
               1.2806001                       12.620344
               1.2812001                       12.608151
               1.2817999                       12.595998
                  1.2824                       12.583878
               1.2830001                       12.571784
                  1.2836                       12.559726
                  1.2842                       12.547708
               1.2848001                       12.535714
                  1.2854                       12.523758
                   1.286                       12.511832
                  1.2866                       12.499939
                  1.2872                       12.488079
               1.2878001                       12.476253
               1.2884001                       12.464449
               1.2889999                       12.452687
                  1.2896                       12.440949
               1.2902001                       12.429252
                  1.2908                        12.41758
                  1.2914                       12.405933
               1.2920001                       12.394327
                  1.2926                       12.382745
                  1.2932                       12.371194
               1.2937999                       12.359671
                  1.2944                       12.348191
               1.2950001                       12.336727
               1.2956001                       12.325294
               1.2961999                       12.313897
                  1.2968                       12.302529
               1.2974001                       12.291182
                   1.298                       12.279868
                  1.2986                       12.268585
               1.2992001                       12.257332
                  1.2998                       12.246104
                  1.3004                       12.234904
               1.3009999                       12.223736
                  1.3016                         12.2126
               1.3022001                       12.201482
               1.3028001                       12.190394
               1.3033999                       12.179333
                   1.304                        12.16831
               1.3046001                       12.157356
                  1.3052                        12.14637
                  1.3058                       12.135416
               1.3063999                       12.124515
                   1.307                       12.113551
                  1.3076                       12.102719
               1.3081999                       12.091938
                  1.3088                       12.081029
               1.3094001                       12.070311
               1.3099999                       12.059525
               1.3105999                       12.048809
                  1.3112                        12.03808
               1.3118001                       12.027416
                  1.3124                       12.016692
                   1.313                       12.006086
               1.3135999                       11.995473
                  1.3142                       11.984927
                  1.3148                       11.974319
               1.3153999                       11.963824
                   1.316                       11.953261
               1.3166001                       11.942771
               1.3171999                        11.93232
               1.3177999                       11.921874
                  1.3184                       11.911478
                   1.319                       11.901077
                  1.3196                       11.890724
                  1.3202                       11.880387
               1.3207999                        11.87008
                  1.3214                       11.859789
                   1.322                       11.849515
               1.3225999                       11.839287
                  1.3232                       11.829064
               1.3238001                       11.818871
               1.3243999                       11.808695
               1.3249999                       11.798553
                  1.3256                       11.788426
                  1.3262                       11.778321
                  1.3268                       11.768253
                  1.3274                       11.758195
               1.3279999                       11.748156
                  1.3286                       11.738147
                  1.3292                       11.728156
               1.3297999                       11.718203
                  1.3304                       11.708252
               1.3310001                       11.698337
                  1.3316                       11.688436
               1.3321999                       11.678558
                  1.3328                       11.668712
                  1.3334                       11.658881
                   1.334                       11.649061
                  1.3346                       11.639279
                  1.3352                         11.6295
               1.3358001                       11.619771
                  1.3364                       11.610041
               1.3369999                       11.600342
                  1.3376                       11.590654
               1.3382001                       11.580994
                  1.3388                        11.57136
               1.3393999                       11.561752
                    1.34                        11.55215
                  1.3406                       11.542574
                  1.3412                       11.533012
                  1.3418                       11.523487
                  1.3424                       11.513983
               1.3430001                       11.504485
                  1.3436                       11.495021
               1.3441999                       11.485561
                  1.3448                       11.476127
               1.3454001                       11.466733
                   1.346                        11.45734
               1.3465999                       11.447983
                  1.3472                        11.43862
                  1.3478                       11.429292
                  1.3484                       11.419979
                   1.349                        11.41069
                  1.3496                       11.401426
               1.3502001                       11.392174
                  1.3508                        11.38295
               1.3513999                        11.37375
                   1.352                       11.364563
               1.3526001                       11.355386
                  1.3532                       11.346233
               1.3537999                       11.337108
                  1.3544                       11.327987
                   1.355                       11.318895
                  1.3556                       11.309833
                  1.3562                       11.300767
                  1.3568                       11.291748
               1.3574001                       11.282725
                   1.358                       11.273727
               1.3585999                       11.264761
                  1.3592                       11.255799
               1.3598001                       11.246863
                  1.3604                       11.237942
               1.3609999                       11.229038
                  1.3616                       11.220155
                  1.3622                       11.211296
                  1.3628                       11.202454
                  1.3634                       11.193622
                   1.364                       11.184823
               1.3646001                       11.176039
                  1.3652                       11.167257
               1.3657999                       11.158518
                  1.3664                       11.149776
               1.3670001                       11.141065
                  1.3676                        11.13236
               1.3681999                       11.123694
                  1.3688                       11.115034
                  1.3694                       11.106384
                    1.37                       11.097753
                  1.3706                       11.089174
                  1.3712                       11.080571
               1.3718001                       11.072006
                  1.3724                       11.063452
               1.3729999                       11.054931
                  1.3736                       11.046407
               1.3742001                       11.037915
                  1.3748                       11.029433
               1.3753999                        11.02098
                   1.376                       11.012532
                  1.3766                       11.004108
                  1.3772                       10.995702
                  1.3778                       10.987312
                  1.3784                       10.978945
               1.3790001                       10.970592
                  1.3796                       10.962258
               1.3801999                       10.953947
                  1.3808                       10.945636
               1.3814001                       10.937353
                   1.382                       10.929101
               1.3825999                        10.92084
                  1.3832                        10.91261
                  1.3838                       10.904401
                  1.3844                       10.896214
                   1.385                       10.888023
                  1.3856                       10.879881
               1.3862001                       10.871715
               1.3868001                       10.863606
               1.3873999                       10.855486
                   1.388                       10.847411
               1.3886001                        10.83934
                  1.3892                       10.831265
                  1.3898                        10.82324
               1.3904001                       10.815206
                   1.391                       10.807211
                  1.3916                       10.799228
                  1.3922                       10.791243
                  1.3928                       10.783312
               1.3934001                       10.775367
               1.3940001                       10.767437
               1.3945999                       10.759545
                  1.3952                       10.751649
               1.3958001                       10.743786
                  1.3964                       10.735931
                   1.397                       10.728117
               1.3976001                       10.720293
                  1.3982                       10.712493
                  1.3988                       10.704701
               1.3993999                       10.696942
                     1.4                       10.689178
               1.4006001                       10.681459
               1.4012001                        10.67375
               1.4017999                        10.66605
                  1.4024                       10.658382
               1.4030001                       10.650708
                  1.4036                       10.643065
                  1.4042                       10.635424
               1.4048001                       10.627817
                  1.4054                       10.620225
                   1.406                       10.612635
               1.4065999                       10.605069
                  1.4072                       10.597531
               1.4078001                       10.590001
               1.4084001                       10.582486
               1.4089999                       10.574985
                  1.4096                       10.567512
               1.4102001                       10.560038
                  1.4108                       10.552616
                  1.4114                        10.54518
               1.4119999                        10.53777
                  1.4126                       10.530359
                  1.4132                       10.522977
               1.4137999                       10.515607
                  1.4144                       10.508288
               1.4150001                       10.500956
               1.4155999                        10.49364
               1.4161999                       10.486334
                  1.4168                       10.479057
               1.4174001                       10.471776
                   1.418                       10.464536
                  1.4186                       10.457297
               1.4191999                       10.450083
                  1.4198                       10.442883
                  1.4204                       10.435708
               1.4209999                       10.428522
                  1.4216                       10.421397
               1.4222001                       10.414251
               1.4227999                        10.40714
               1.4233999                       10.400045
                   1.424                       10.392948
                  1.4246                       10.385878
                  1.4252                       10.378821
                  1.4258                       10.371789
               1.4263999                       10.364771
                   1.427                       10.357754
                  1.4276                       10.350774
               1.4281999                       10.343808
                  1.4288                       10.336856
               1.4294001                       10.329902
               1.4299999                       10.322989
               1.4305999                       10.316075
                  1.4312                       10.309188
                  1.4318                       10.302313
                  1.4324                       10.295438
                   1.433                       10.288603
               1.4335999                       10.281768
                  1.4342                       10.274958
                  1.4348                       10.268162
               1.4353999                       10.261379
                   1.436                       10.254634
               1.4366001                       10.247878
                  1.4372                       10.241133
               1.4377999                       10.234416
                  1.4384                       10.227711
                   1.439                       10.221019
                  1.4396                       10.214366
                  1.4402                       10.207676
                  1.4408                        10.20102
               1.4414001                       10.194383
                   1.442                       10.187781
               1.4425999                       10.181258
                  1.4432                       10.174685
               1.4438001                        10.16803
                  1.4444                       10.161495
               1.4449999                       10.154961
                  1.4456                        10.14844
                  1.4462                        10.14198
                  1.4468                       10.135511
                  1.4474                        10.12904
                   1.448                       10.122571
               1.4486001                        10.11615
                  1.4492                       10.109683
               1.4497999                       10.103263
                  1.4504                       10.096924
               1.4510001                       10.090508
                  1.4516                       10.084103
               1.4521999                         10.0778
                  1.4528                       10.071463
                  1.4534                       10.065097
                   1.454                       10.058806
                  1.4546                       10.052558
                  1.4552                       10.046271
               1.4558001                       10.039984
                  1.4564                       10.033735
               1.4569999                       10.027512
                  1.4576                       10.021265
               1.4582001                       10.015082
                  1.4588                       10.008922
               1.4593999                       10.002731
                    1.46                       9.9965597
                  1.4606                       9.9904282
                  1.4612                       9.9843216
                  1.4618                       9.9781401
                  1.4624                       9.9720884
               1.4630001                       9.9659542
                  1.4636                        9.959888
               1.4641999                       9.9538364
                  1.4648                       9.9478349
               1.4654001                       9.9417176
                   1.466                       9.9357059
               1.4665999                       9.9297052
                  1.4672                       9.9236925
                  1.4678                       9.9177005
                  1.4684                       9.9117426
                   1.469                       9.9058041
                  1.4696                       9.8998693
               1.4702001                       9.8939703
                  1.4708                       9.8880218
               1.4713999                       9.8821412
                   1.472                       9.8762495
               1.4726001                       9.8703818
                  1.4732                       9.8644809
               1.4737999                       9.8586607
                  1.4744                        9.852818
                   1.475                       9.8469889
                  1.4756                        9.841222
                  1.4762                       9.8354039
                  1.4768                       9.8296274
               1.4774001                       9.8239141
                   1.478                        9.818146
               1.4785999                       9.8123959
                  1.4792                       9.8066673
               1.4798001                       9.8008997
                  1.4804                       9.7952399
               1.4809999                       9.7895175
                  1.4816                       9.7838256
                  1.4822                       9.7782186
                  1.4828                       9.7725176
                  1.4834                       9.7668435
                   1.484                       9.7612727
               1.4846001                       9.7556099
                  1.4852                       9.7500317
               1.4857999                       9.7444194
                  1.4864                       9.7388591
               1.4870001                       9.7332825
                  1.4876                       9.7277225
               1.4881999                       9.7221626
                  1.4888                       9.7166351
                  1.4894                       9.7111071
                    1.49                       9.7055953
                  1.4906                       9.7000857
                  1.4912                       9.6946162
               1.4918001                       9.6891062
               1.4924001                       9.6836545
               1.4929999                        9.678177
                  1.4936                       9.6727498
               1.4942001                       9.6673318
                  1.4948                       9.6618931
                  1.4954                       9.6565018
               1.4960001                       9.6510614
                  1.4966                       9.6456654
                  1.4972                       9.6403164
                  1.4978                        9.634941
                  1.4984                       9.6295697
               1.4990001                       9.6242544
               1.4996001                       9.6188746
               1.5001999                       9.6135808
                  1.5008                       9.6082327
               1.5014001                       9.6029619
                   1.502                       9.5976377
                  1.5026                       9.5923622
               1.5032001                       9.5870771
                  1.5038                       9.5818566
                  1.5044                       9.5765495
                   1.505                       9.5713149
                  1.5056                        9.566074
               1.5062001                       9.5608513
               1.5068001                       9.5556554
               1.5073999                       9.5504444
                   1.508                       9.5452255
               1.5086001                       9.5400283
                  1.5092                       9.5348712
                  1.5098                        9.529677
               1.5104001                       9.5245075
                   1.511                       9.5194272
                  1.5116                       9.5142281
               1.5121999                       9.5091199
                  1.5128                       9.5039795
               1.5134001                       9.4988382
               1.5140001                       9.4937518
               1.5145999                       9.4886631
                  1.5152                       9.4835729
               1.5158001                       9.4784845
                  1.5164                       9.4734219
                   1.517                       9.4683416
               1.5176001                       9.4632717
                  1.5182                       9.4582445
                  1.5188                       9.4532072
               1.5193999                       9.4481745
                    1.52                       9.4431637
               1.5206001                       9.4381291
               1.5211999                       9.4331478
               1.5217999                       9.4281642
                  1.5224                       9.4231828
               1.5230001                       9.4181886
                  1.5236                        9.413163
                  1.5242                       9.4082298
               1.5247999                       9.4032928
                  1.5254                       9.3983136
                   1.526                       9.3933788
               1.5265999                       9.3884525
                  1.5272                       9.3835271
               1.5278001                       9.3785912
               1.5283999                       9.3736887
               1.5289999                        9.368754
                  1.5296                        9.363877
                  1.5302                       9.3589753
                  1.5308                       9.3541012
                  1.5314                       9.3492375
               1.5319999                       9.3443318
                  1.5326                       9.3394615
                  1.5332                       9.3346028
               1.5337999                       9.3297521
                  1.5344                       9.3249306
               1.5350001                       9.3201004
               1.5355999                       9.3152486
               1.5361999                       9.3104766
                  1.5368                       9.3056142
                  1.5374                       9.3007986
                   1.538                       9.2960225
                  1.5386                       9.2911673
               1.5391999                       9.2864167
                  1.5398                       9.2816454
                  1.5404                       9.2768671
               1.5409999                       9.2720726
                  1.5416                       9.2672999
               1.5422001                       9.2625225
               1.5427999                       9.2577935
               1.5433999                       9.2530281
                   1.544                       9.2482736
                  1.5446                       9.2435035
                  1.5452                       9.2387784
                  1.5458                       9.2340527
                  1.5464                       9.2293346
               1.5470001                       9.2246132
                  1.5476                       9.2199188
               1.5481999                       9.2152225
                  1.5488                       9.2105254
               1.5494001                       9.2057979
                    1.55                        9.201126
               1.5505999                       9.1964581
                  1.5512                       9.1917589
                  1.5518                        9.187046
                  1.5524                       9.1823959
                   1.553                       9.1777236
                  1.5536                       9.1730841
               1.5542001                       9.1683864
                  1.5548                       9.1637701
               1.5553999                       9.1591276
                   1.556                       9.1544867
               1.5566001                       9.1498654
                  1.5572                       9.1451974
               1.5577999                       9.1405511
                  1.5584                       9.1359581
                   1.559                       9.1313491
                  1.5596                       9.1266971
                  1.5602                       9.1220835
                  1.5608                       9.1174897
               1.5614001                        9.112847
                   1.562                       9.1082784
               1.5625999                       9.1036855
                  1.5632                       9.0990713
               1.5638001                       9.0945096
                  1.5644                       9.0899376
               1.5649999                       9.0853487
                  1.5656                       9.0807796
                  1.5662                       9.0761882
                  1.5668                       9.0716222
                  1.5674                       9.0670595
                   1.568                        9.062489
               1.5686001                       9.0579525
                  1.5692                       9.0533854
               1.5697999                       9.0488488
                  1.5704                       9.0443056
               1.5710001                       9.0397414
                  1.5716                       9.0352052
               1.5721999                       9.0306365
                  1.5728                       9.0261506
                  1.5734                       9.0216137
                   1.574                       9.0170971
                  1.5746                       9.0125566
                  1.5752                       9.0080183
               1.5758001                       9.0034781
                  1.5764                         8.99902
               1.5769999                       8.9944784
                  1.5776                       8.9899121
               1.5782001                       8.9855066
                  1.5788                       8.9809403
               1.5793999                       8.9764503
                    1.58                       8.9720414
                  1.5806                       8.9674736
                  1.5812                       8.9629351
                  1.5818                       8.9584489
                  1.5824                       8.9540122
               1.5830001                       8.9494446
                  1.5836                        8.945038
               1.5841999                       8.9405245
                  1.5848                       8.9360103
               1.5854001                       8.9315254
                   1.586                       8.9270875
               1.5865999                       8.9226544
                  1.5872                       8.9181147
                  1.5878                       8.9136793
                  1.5884                       8.9092422
                   1.589                        8.904703
                  1.5896                        8.900267
               1.5902001                       8.8957799
                  1.5908                       8.8913717
               1.5913999                       8.8868576
                   1.592                       8.8823708
               1.5926001                       8.8779615
                  1.5932                        8.873501
               1.5937999                       8.8690398
                  1.5944                       8.8645525
                   1.595                       8.8601178
                  1.5956                       8.8556808
                  1.5962                       8.8511953
                  1.5968                        8.846811
               1.5974001                       8.8424028
                   1.598                       8.8379663
               1.5985999                       8.8334275
                  1.5992                       8.8290703
               1.5998001                       8.8245571
                  1.6004                       8.8201219
                   1.601                       8.8156881
               1.6016001                       8.8112517
                  1.6022                       8.8067897
                  1.6028                       8.8024082
                  1.6034                       8.7979726
                   1.604                        8.793511
               1.6046001                       8.7890499
               1.6052001                       8.7845882
               1.6057999                       8.7802053
                  1.6064                        8.775796
               1.6070001                       8.7713607
                  1.6076                        8.766795
                  1.6082                       8.7624906
               1.6088001                        8.758003
                  1.6094                       8.7535682
                    1.61                       8.7491324
                  1.6106                       8.7447232
                  1.6112                       8.7402884
               1.6118001                       8.7358533
               1.6124001                       8.7314182
               1.6129999                       8.7269572
                  1.6136                       8.7225476
               1.6142001                       8.7180861
                  1.6148                       8.7136509
                  1.6154                       8.7092155
               1.6160001                       8.7047286
                  1.6166                       8.7003456
                  1.6172                       8.6958575
               1.6177999                       8.6914492
                  1.6184                       8.6869868
               1.6190001                       8.6825786
               1.6196001                       8.6780908
               1.6201999                       8.6737341
                  1.6208                       8.6692466
               1.6214001                       8.6648116
                   1.622                        8.660376
                  1.6226                       8.6559433
               1.6232001                        8.651532
                  1.6238                       8.6470984
                  1.6244                       8.6426637
               1.6249999                       8.6381489
                  1.6256                       8.6337405
               1.6262001                       8.6292512
               1.6267999                        8.624817
               1.6273999                       8.6203286
                   1.628                       8.6159212
               1.6286001                       8.6114073
                  1.6292                       8.6069708
                  1.6298                       8.6025355
               1.6303999                       8.5979953
                   1.631                       8.5935885
                  1.6316                       8.5891519
               1.6321999                       8.5846659
                  1.6328                       8.5802308
               1.6334001                       8.5756915
               1.6339999                       8.5712552
               1.6345999                       8.5667136
                  1.6352                       8.5622769
               1.6358001                       8.5577417
                  1.6364                       8.5533583
                   1.637                       8.5488189
               1.6375999                       8.5443826
                  1.6382                       8.5398955
                  1.6388                       8.5354892
               1.6393999                       8.5309162
                    1.64                       8.5264612
               1.6406001                       8.5218927
               1.6411999                       8.5174586
               1.6417999                       8.5129213
                  1.6424                       8.5084849
                   1.643                       8.5039483
                  1.6436                       8.4995077
                  1.6442                       8.4950168
               1.6447999                       8.4905345
                  1.6454                       8.4859932
                   1.646                       8.4815042
               1.6465999                       8.4769392
                  1.6472                       8.4724849
               1.6478001                       8.4680434
               1.6483999                       8.4634241
               1.6489999                       8.4588851
                  1.6496                       8.4543988
                  1.6502                       8.4499677
                  1.6508                       8.4453473
                  1.6514                       8.4408339
                   1.652                       8.4364005
                  1.6526                       8.4318327
                  1.6532                        8.427324
               1.6537999                       8.4228094
                  1.6544                       8.4182964
               1.6550001                       8.4137257
                  1.6556                       8.4092401
               1.6561999                       8.4047022
                  1.6568                       8.4001869
                  1.6574                       8.3956482
                   1.658                       8.3911057
                  1.6586                       8.3865962
                  1.6592                       8.3820816
               1.6598001                       8.3775415
                  1.6604                        8.373027
               1.6609999                       8.3684892
                  1.6616                       8.3639497
               1.6622001                        8.359462
                  1.6628                       8.3549225
               1.6633999                        8.350407
                   1.664                       8.3458447
                  1.6646                       8.3412995
                  1.6652                       8.3367942
                  1.6658                       8.3322519
                  1.6664                       8.3277318
               1.6670001                       8.3232237
                  1.6676                       8.3186836
               1.6681999                       8.3141431
                  1.6688                       8.3096573
               1.6694001                       8.3051148
                    1.67                       8.3005724
               1.6705999                        8.296093
                  1.6712                       8.2915772
                  1.6718                       8.2870709
                  1.6724                       8.2825752
                   1.673                       8.2780686
                  1.6736                       8.2735733
               1.6742001                       8.2690594
                  1.6748                       8.2645815
               1.6753999                       8.2600561
                   1.676                       8.2555693
               1.6766001                       8.2510589
                  1.6772                       8.2466258
               1.6777999                        8.242163
                  1.6784                       8.2376515
                   1.679                       8.2332116
                  1.6796                       8.2287522
                  1.6802                       8.2242859
                  1.6808                       8.2198278
               1.6814001                       8.2153938
                   1.682                       8.2109587
               1.6825999                       8.2065225
                  1.6832                       8.2020917
               1.6838001                       8.1977132
                  1.6844                        8.193269
               1.6849999                       8.1888295
                  1.6856                       8.1844571
                  1.6862                       8.1801017
                  1.6868                       8.1756618
                  1.6874                       8.1713018
                   1.688                       8.1669751
               1.6886001                        8.162645
                  1.6892                       8.1582324
               1.6897999                       8.1539586
                  1.6904                       8.1495969
               1.6910001                       8.1452974
                  1.6916                       8.1410345
               1.6921999                       8.1367085
                  1.6928                       8.1324507
                  1.6934                       8.1281804
                   1.694                       8.1239276
                  1.6946                       8.1196986
                  1.6952                       8.1154732
               1.6958001                       8.1112656
                  1.6964                       8.1070994
               1.6969999                       8.1028987
                  1.6976                       8.0987253
               1.6982001                       8.0945502
                  1.6988                       8.0904292
               1.6993999                       8.0863521
                     1.7                       8.0822318

